Projection direction:   1.000000000E+00   0.000000000E+00   0.000000000E+00
Momentum (a.u.), Annihilation rate (ps^{-1} a.u.^{-1})
  0.000000000E+00   1.441274146E+00
  1.000000000E-02   1.441022340E+00
  2.000000000E-02   1.440771406E+00
  3.000000000E-02   1.440520036E+00
  4.000000000E-02   1.440266920E+00
  5.000000000E-02   1.440010747E+00
  6.000000000E-02   1.437866120E+00
  7.000000000E-02   1.433940257E+00
  8.000000000E-02   1.430010721E+00
  9.000000000E-02   1.426077858E+00
  1.000000000E-01   1.422142014E+00
  1.100000000E-01   1.418258527E+00
  1.200000000E-01   1.416198998E+00
  1.300000000E-01   1.414136628E+00
  1.400000000E-01   1.412071314E+00
  1.500000000E-01   1.410002952E+00
  1.600000000E-01   1.407931460E+00
  1.700000000E-01   1.404449360E+00
  1.800000000E-01   1.399783842E+00
  1.900000000E-01   1.395115211E+00
  2.000000000E-01   1.390443479E+00
  2.100000000E-01   1.385768654E+00
  2.200000000E-01   1.380811276E+00
  2.300000000E-01   1.371355572E+00
  2.400000000E-01   1.361896713E+00
  2.500000000E-01   1.352434677E+00
  2.600000000E-01   1.342969443E+00
  2.700000000E-01   1.333500994E+00
  2.800000000E-01   1.324985715E+00
  2.900000000E-01   1.317179439E+00
  3.000000000E-01   1.309369904E+00
  3.100000000E-01   1.301557093E+00
  3.200000000E-01   1.293740990E+00
  3.300000000E-01   1.285679025E+00
  3.400000000E-01   1.275093403E+00
  3.500000000E-01   1.264504435E+00
  3.600000000E-01   1.253912105E+00
  3.700000000E-01   1.243316397E+00
  3.800000000E-01   1.232717295E+00
  3.900000000E-01   1.223302084E+00
  4.000000000E-01   1.214667029E+00
  4.100000000E-01   1.206028534E+00
  4.200000000E-01   1.197386586E+00
  4.300000000E-01   1.188741171E+00
  4.400000000E-01   1.179361832E+00
  4.500000000E-01   1.164469116E+00
  4.600000000E-01   1.149572897E+00
  4.700000000E-01   1.134673164E+00
  4.800000000E-01   1.119769910E+00
  4.900000000E-01   1.104863125E+00
  5.000000000E-01   1.087093585E+00
  5.100000000E-01   1.067653375E+00
  5.200000000E-01   1.048209615E+00
  5.300000000E-01   1.028762302E+00
  5.400000000E-01   1.009311432E+00
  5.500000000E-01   9.897608118E-01
  5.600000000E-01   9.696453954E-01
  5.700000000E-01   9.495264203E-01
  5.800000000E-01   9.294038903E-01
  5.900000000E-01   9.092778089E-01
  6.000000000E-01   8.891481798E-01
  6.100000000E-01   8.681526646E-01
  6.200000000E-01   8.467112515E-01
  6.300000000E-01   8.252663162E-01
  6.400000000E-01   8.038178696E-01
  6.500000000E-01   7.823659229E-01
  6.600000000E-01   7.609632978E-01
  6.700000000E-01   7.398051674E-01
  6.800000000E-01   7.186435856E-01
  6.900000000E-01   6.974785713E-01
  7.000000000E-01   6.763101434E-01
  7.100000000E-01   6.551383222E-01
  7.200000000E-01   6.320981128E-01
  7.300000000E-01   6.082174787E-01
  7.400000000E-01   5.843335311E-01
  7.500000000E-01   5.604462970E-01
  7.600000000E-01   5.365558049E-01
  7.700000000E-01   5.123631964E-01
  7.800000000E-01   4.870071559E-01
  7.900000000E-01   4.616479613E-01
  8.000000000E-01   4.362856478E-01
  8.100000000E-01   4.109202517E-01
  8.200000000E-01   3.855518146E-01
  8.300000000E-01   3.594005031E-01
  8.400000000E-01   3.329421583E-01
  8.500000000E-01   3.064809009E-01
  8.600000000E-01   2.800167751E-01
  8.700000000E-01   2.535498294E-01
  8.800000000E-01   2.276845745E-01
  8.900000000E-01   2.037941453E-01
  9.000000000E-01   1.799010461E-01
  9.100000000E-01   1.560053278E-01
  9.200000000E-01   1.321070455E-01
  9.300000000E-01   1.082062555E-01
  9.400000000E-01   1.010179716E-01
  9.500000000E-01   9.943655092E-02
  9.600000000E-01   9.785279192E-02
  9.700000000E-01   9.626675515E-02
  9.800000000E-01   9.467850206E-02
  9.900000000E-01   9.324505280E-02
  1.000000000E+00   9.224851831E-02
  1.010000000E+00   9.124995250E-02
  1.020000000E+00   9.024942025E-02
  1.030000000E+00   8.924698714E-02
  1.040000000E+00   8.824271872E-02
  1.050000000E+00   8.731181287E-02
  1.060000000E+00   8.640064214E-02
  1.070000000E+00   8.548783574E-02
  1.080000000E+00   8.457346215E-02
  1.090000000E+00   8.365758985E-02
  1.100000000E+00   8.278789450E-02
  1.110000000E+00   8.203191702E-02
  1.120000000E+00   8.127464798E-02
  1.130000000E+00   8.051615755E-02
  1.140000000E+00   7.975651590E-02
  1.150000000E+00   7.899579319E-02
  1.160000000E+00   7.820753822E-02
  1.170000000E+00   7.741201089E-02
  1.180000000E+00   7.661561394E-02
  1.190000000E+00   7.581841799E-02
  1.200000000E+00   7.502049367E-02
  1.210000000E+00   7.425241624E-02
  1.220000000E+00   7.354801255E-02
  1.230000000E+00   7.284309096E-02
  1.240000000E+00   7.213772138E-02
  1.250000000E+00   7.143197373E-02
  1.260000000E+00   7.072591764E-02
  1.270000000E+00   6.998739344E-02
  1.280000000E+00   6.924239931E-02
  1.290000000E+00   6.849730141E-02
  1.300000000E+00   6.775216786E-02
  1.310000000E+00   6.700706632E-02
  1.320000000E+00   6.622216717E-02
  1.330000000E+00   6.536371546E-02
  1.340000000E+00   6.450549229E-02
  1.350000000E+00   6.364756301E-02
  1.360000000E+00   6.278999237E-02
  1.370000000E+00   6.193284274E-02
  1.380000000E+00   6.106129380E-02
  1.390000000E+00   6.018798239E-02
  1.400000000E+00   5.931527722E-02
  1.410000000E+00   5.844323931E-02
  1.420000000E+00   5.757192681E-02
  1.430000000E+00   5.668204227E-02
  1.440000000E+00   5.576147530E-02
  1.450000000E+00   5.484180605E-02
  1.460000000E+00   5.392309114E-02
  1.470000000E+00   5.300538394E-02
  1.480000000E+00   5.208873702E-02
  1.490000000E+00   5.117228192E-02
  1.500000000E+00   5.025688425E-02
  1.510000000E+00   4.934270368E-02
  1.520000000E+00   4.842978840E-02
  1.530000000E+00   4.751818569E-02
  1.540000000E+00   4.659187358E-02
  1.550000000E+00   4.564381432E-02
  1.560000000E+00   4.469720859E-02
  1.570000000E+00   4.375209907E-02
  1.580000000E+00   4.280852753E-02
  1.590000000E+00   4.186653570E-02
  1.600000000E+00   4.095826528E-02
  1.610000000E+00   4.005428555E-02
  1.620000000E+00   3.915200513E-02
  1.630000000E+00   3.825146011E-02
  1.640000000E+00   3.735268657E-02
  1.650000000E+00   3.643629005E-02
  1.660000000E+00   3.549690052E-02
  1.670000000E+00   3.455938502E-02
  1.680000000E+00   3.362377397E-02
  1.690000000E+00   3.269009775E-02
  1.700000000E+00   3.175838677E-02
  1.710000000E+00   3.099547599E-02
  1.720000000E+00   3.024270598E-02
  1.730000000E+00   2.949198121E-02
  1.740000000E+00   2.874332649E-02
  1.750000000E+00   2.799676664E-02
  1.760000000E+00   2.744443824E-02
  1.770000000E+00   2.711244926E-02
  1.780000000E+00   2.678261874E-02
  1.790000000E+00   2.645496610E-02
  1.800000000E+00   2.612951074E-02
  1.810000000E+00   2.580627119E-02
  1.820000000E+00   2.548637240E-02
  1.830000000E+00   2.516873818E-02
  1.840000000E+00   2.485336342E-02
  1.850000000E+00   2.454026236E-02
  1.860000000E+00   2.422944847E-02
  1.870000000E+00   2.391349337E-02
  1.880000000E+00   2.359233093E-02
  1.890000000E+00   2.327348478E-02
  1.900000000E+00   2.295696433E-02
  1.910000000E+00   2.264277830E-02
  1.920000000E+00   2.233108566E-02
  1.930000000E+00   2.203424489E-02
  1.940000000E+00   2.173975423E-02
  1.950000000E+00   2.144761864E-02
  1.960000000E+00   2.115784244E-02
  1.970000000E+00   2.087042722E-02
  1.980000000E+00   2.058383788E-02
  1.990000000E+00   2.029823127E-02
  2.000000000E+00   2.001498842E-02
  2.010000000E+00   1.973410965E-02
  2.020000000E+00   1.945559284E-02
  2.030000000E+00   1.917999747E-02
  2.040000000E+00   1.891978646E-02
  2.050000000E+00   1.866192926E-02
  2.060000000E+00   1.840642263E-02
  2.070000000E+00   1.815326116E-02
  2.080000000E+00   1.790243892E-02
  2.090000000E+00   1.764862622E-02
  2.100000000E+00   1.739288953E-02
  2.110000000E+00   1.713947380E-02
  2.120000000E+00   1.688837076E-02
  2.130000000E+00   1.663957168E-02
  2.140000000E+00   1.639204201E-02
  2.150000000E+00   1.613330086E-02
  2.160000000E+00   1.587683708E-02
  2.170000000E+00   1.562263994E-02
  2.180000000E+00   1.537069835E-02
  2.190000000E+00   1.512100117E-02
  2.200000000E+00   1.487169944E-02
  2.210000000E+00   1.462331720E-02
  2.220000000E+00   1.437714404E-02
  2.230000000E+00   1.413316683E-02
  2.240000000E+00   1.389137247E-02
  2.250000000E+00   1.365154182E-02
  2.260000000E+00   1.341201117E-02
  2.270000000E+00   1.317462240E-02
  2.280000000E+00   1.293936080E-02
  2.290000000E+00   1.270621162E-02
  2.300000000E+00   1.247516014E-02
  2.310000000E+00   1.224906316E-02
  2.320000000E+00   1.202683452E-02
  2.330000000E+00   1.180665681E-02
  2.340000000E+00   1.158851404E-02
  2.350000000E+00   1.137239019E-02
  2.360000000E+00   1.115845458E-02
  2.370000000E+00   1.094775558E-02
  2.380000000E+00   1.073902556E-02
  2.390000000E+00   1.053224754E-02
  2.400000000E+00   1.032740455E-02
  2.410000000E+00   1.012447952E-02
  2.420000000E+00   9.921410832E-03
  2.430000000E+00   9.719093924E-03
  2.440000000E+00   9.518642152E-03
  2.450000000E+00   9.320037872E-03
  2.460000000E+00   9.123263372E-03
  2.470000000E+00   8.928138313E-03
  2.480000000E+00   8.733944534E-03
  2.490000000E+00   8.541526426E-03
  2.500000000E+00   8.350865928E-03
  2.510000000E+00   8.161944950E-03
  2.520000000E+00   7.974745274E-03
  2.530000000E+00   7.798564793E-03
  2.540000000E+00   7.628594612E-03
  2.550000000E+00   7.460290983E-03
  2.560000000E+00   7.293635656E-03
  2.570000000E+00   7.128610388E-03
  2.580000000E+00   6.974145018E-03
  2.590000000E+00   6.860001583E-03
  2.600000000E+00   6.747433477E-03
  2.610000000E+00   6.636422485E-03
  2.620000000E+00   6.526950511E-03
  2.630000000E+00   6.418999485E-03
  2.640000000E+00   6.314088517E-03
  2.650000000E+00   6.211313912E-03
  2.660000000E+00   6.110006107E-03
  2.670000000E+00   6.010147298E-03
  2.680000000E+00   5.911719735E-03
  2.690000000E+00   5.814606570E-03
  2.700000000E+00   5.718531466E-03
  2.710000000E+00   5.623834431E-03
  2.720000000E+00   5.530498078E-03
  2.730000000E+00   5.438505094E-03
  2.740000000E+00   5.347838164E-03
  2.750000000E+00   5.259239916E-03
  2.760000000E+00   5.172212011E-03
  2.770000000E+00   5.086458750E-03
  2.780000000E+00   5.001963350E-03
  2.790000000E+00   4.918709029E-03
  2.800000000E+00   4.836672937E-03
  2.810000000E+00   4.755825882E-03
  2.820000000E+00   4.676170165E-03
  2.830000000E+00   4.597689609E-03
  2.840000000E+00   4.520368039E-03
  2.850000000E+00   4.444189276E-03
  2.860000000E+00   4.370097108E-03
  2.870000000E+00   4.297417773E-03
  2.880000000E+00   4.225834046E-03
  2.890000000E+00   4.155330414E-03
  2.900000000E+00   4.085891364E-03
  2.910000000E+00   4.017564978E-03
  2.920000000E+00   3.950439805E-03
  2.930000000E+00   3.884334085E-03
  2.940000000E+00   3.819233009E-03
  2.950000000E+00   3.755121770E-03
  2.960000000E+00   3.691985680E-03
  2.970000000E+00   3.629411792E-03
  2.980000000E+00   3.567678848E-03
  2.990000000E+00   3.506878700E-03
  3.000000000E+00   3.446997272E-03
  3.010000000E+00   3.388020610E-03
  3.020000000E+00   3.330007965E-03
  3.030000000E+00   3.273039178E-03
  3.040000000E+00   3.216935040E-03
  3.050000000E+00   3.161682218E-03
  3.060000000E+00   3.107267507E-03
  3.070000000E+00   3.053678201E-03
  3.080000000E+00   3.000952218E-03
  3.090000000E+00   2.949037610E-03
  3.100000000E+00   2.897910663E-03
  3.110000000E+00   2.847558920E-03
  3.120000000E+00   2.797970420E-03
  3.130000000E+00   2.749410413E-03
  3.140000000E+00   2.702142491E-03
  3.150000000E+00   2.655602307E-03
  3.160000000E+00   2.609778146E-03
  3.170000000E+00   2.564658786E-03
  3.180000000E+00   2.520233126E-03
  3.190000000E+00   2.479236831E-03
  3.200000000E+00   2.439401970E-03
  3.210000000E+00   2.400227624E-03
  3.220000000E+00   2.361703288E-03
  3.230000000E+00   2.323818578E-03
  3.240000000E+00   2.286224708E-03
  3.250000000E+00   2.248656535E-03
  3.260000000E+00   2.211696950E-03
  3.270000000E+00   2.175336146E-03
  3.280000000E+00   2.139564433E-03
  3.290000000E+00   2.104372121E-03
  3.300000000E+00   2.069038003E-03
  3.310000000E+00   2.034165052E-03
  3.320000000E+00   1.999843101E-03
  3.330000000E+00   1.966063127E-03
  3.340000000E+00   1.932816110E-03
  3.350000000E+00   1.899899557E-03
  3.360000000E+00   1.867198607E-03
  3.370000000E+00   1.835004190E-03
  3.380000000E+00   1.803307925E-03
  3.390000000E+00   1.772101431E-03
  3.400000000E+00   1.741376326E-03
  3.410000000E+00   1.713089775E-03
  3.420000000E+00   1.685469615E-03
  3.430000000E+00   1.658306922E-03
  3.440000000E+00   1.631593926E-03
  3.450000000E+00   1.605322856E-03
  3.460000000E+00   1.579540531E-03
  3.470000000E+00   1.554259872E-03
  3.480000000E+00   1.529398983E-03
  3.490000000E+00   1.504950673E-03
  3.500000000E+00   1.480907751E-03
  3.510000000E+00   1.457263114E-03
  3.520000000E+00   1.433810892E-03
  3.530000000E+00   1.410730054E-03
  3.540000000E+00   1.388027475E-03
  3.550000000E+00   1.365696509E-03
  3.560000000E+00   1.343730597E-03
  3.570000000E+00   1.322090065E-03
  3.580000000E+00   1.300761523E-03
  3.590000000E+00   1.279779556E-03
  3.600000000E+00   1.259138034E-03
  3.610000000E+00   1.238830905E-03
  3.620000000E+00   1.218852442E-03
  3.630000000E+00   1.199030345E-03
  3.640000000E+00   1.179519695E-03
  3.650000000E+00   1.160320765E-03
  3.660000000E+00   1.141427983E-03
  3.670000000E+00   1.122836076E-03
  3.680000000E+00   1.104602410E-03
  3.690000000E+00   1.086726918E-03
  3.700000000E+00   1.069136710E-03
  3.710000000E+00   1.051826659E-03
  3.720000000E+00   1.034791921E-03
  3.730000000E+00   1.018027718E-03
  3.740000000E+00   1.001805276E-03
  3.750000000E+00   9.858452199E-04
  3.760000000E+00   9.701414368E-04
  3.770000000E+00   9.546894770E-04
  3.780000000E+00   9.394849562E-04
  3.790000000E+00   9.245353408E-04
  3.800000000E+00   9.098358009E-04
  3.810000000E+00   8.953706074E-04
  3.820000000E+00   8.811356785E-04
  3.830000000E+00   8.671269935E-04
  3.840000000E+00   8.533440247E-04
  3.850000000E+00   8.399200631E-04
  3.860000000E+00   8.267103385E-04
  3.870000000E+00   8.137111103E-04
  3.880000000E+00   8.009186942E-04
  3.890000000E+00   7.883294057E-04
  3.900000000E+00   7.759181884E-04
  3.910000000E+00   7.636844909E-04
  3.920000000E+00   7.516431790E-04
  3.930000000E+00   7.397908794E-04
  3.940000000E+00   7.281242189E-04
  3.950000000E+00   7.166480702E-04
  3.960000000E+00   7.054968282E-04
  3.970000000E+00   6.945213926E-04
  3.980000000E+00   6.837186770E-04
  3.990000000E+00   6.730855954E-04
  4.000000000E+00   6.626190616E-04
  4.010000000E+00   6.529304729E-04
  4.020000000E+00   6.438696458E-04
  4.030000000E+00   6.349666369E-04
  4.040000000E+00   6.262186245E-04
  4.050000000E+00   6.176227869E-04
  4.060000000E+00   6.091749483E-04
  4.070000000E+00   6.008584229E-04
  4.080000000E+00   5.926860939E-04
  4.090000000E+00   5.846553827E-04
  4.100000000E+00   5.767637111E-04
  4.110000000E+00   5.690085378E-04
  4.120000000E+00   5.611834083E-04
  4.130000000E+00   5.533524897E-04
  4.140000000E+00   5.456509675E-04
  4.150000000E+00   5.380764869E-04
  4.160000000E+00   5.306267272E-04
  4.170000000E+00   5.232665869E-04
  4.180000000E+00   5.157658420E-04
  4.190000000E+00   5.083833345E-04
  4.200000000E+00   5.011169145E-04
  4.210000000E+00   4.939644635E-04
  4.220000000E+00   4.869239885E-04
  4.230000000E+00   4.800852642E-04
  4.240000000E+00   4.734092522E-04
  4.250000000E+00   4.668393307E-04
  4.260000000E+00   4.603735665E-04
  4.270000000E+00   4.540101414E-04
  4.280000000E+00   4.477448684E-04
  4.290000000E+00   4.415637831E-04
  4.300000000E+00   4.354796678E-04
  4.310000000E+00   4.294907588E-04
  4.320000000E+00   4.235953978E-04
  4.330000000E+00   4.177919524E-04
  4.340000000E+00   4.120211099E-04
  4.350000000E+00   4.063086571E-04
  4.360000000E+00   4.006832473E-04
  4.370000000E+00   3.951433681E-04
  4.380000000E+00   3.896875311E-04
  4.390000000E+00   3.843042539E-04
  4.400000000E+00   3.789534279E-04
  4.410000000E+00   3.736822012E-04
  4.420000000E+00   3.684891948E-04
  4.430000000E+00   3.633730520E-04
  4.440000000E+00   3.583324159E-04
  4.450000000E+00   3.532993615E-04
  4.460000000E+00   3.483085307E-04
  4.470000000E+00   3.433892559E-04
  4.480000000E+00   3.385403002E-04
  4.490000000E+00   3.337604268E-04
  4.500000000E+00   3.290486023E-04
  4.510000000E+00   3.244042204E-04
  4.520000000E+00   3.198253195E-04
  4.530000000E+00   3.153107721E-04
  4.540000000E+00   3.108594507E-04
  4.550000000E+00   3.064702280E-04
  4.560000000E+00   3.022222906E-04
  4.570000000E+00   2.980663946E-04
  4.580000000E+00   2.939694145E-04
  4.590000000E+00   2.899303226E-04
  4.600000000E+00   2.859480912E-04
  4.610000000E+00   2.820260205E-04
  4.620000000E+00   2.781733615E-04
  4.630000000E+00   2.743746619E-04
  4.640000000E+00   2.706289851E-04
  4.650000000E+00   2.669353942E-04
  4.660000000E+00   2.632929665E-04
  4.670000000E+00   2.597511125E-04
  4.680000000E+00   2.562760290E-04
  4.690000000E+00   2.528495331E-04
  4.700000000E+00   2.494707709E-04
  4.710000000E+00   2.461389011E-04
  4.720000000E+00   2.428474174E-04
  4.730000000E+00   2.395848469E-04
  4.740000000E+00   2.363668209E-04
  4.750000000E+00   2.331925608E-04
  4.760000000E+00   2.300612997E-04
  4.770000000E+00   2.269723163E-04
  4.780000000E+00   2.239555617E-04
  4.790000000E+00   2.209886719E-04
  4.800000000E+00   2.180619304E-04
  4.810000000E+00   2.151746379E-04
  4.820000000E+00   2.123261365E-04
  4.830000000E+00   2.096270392E-04
  4.840000000E+00   2.072410658E-04
  4.850000000E+00   2.048919416E-04
  4.860000000E+00   2.025790288E-04
  4.870000000E+00   2.003017274E-04
  4.880000000E+00   1.980594471E-04
  4.890000000E+00   1.959234353E-04
  4.900000000E+00   1.938389757E-04
  4.910000000E+00   1.917877744E-04
  4.920000000E+00   1.897692840E-04
  4.930000000E+00   1.877829657E-04
  4.940000000E+00   1.857926121E-04
  4.950000000E+00   1.837564458E-04
  4.960000000E+00   1.817508433E-04
  4.970000000E+00   1.797753050E-04
  4.980000000E+00   1.778293392E-04
  4.990000000E+00   1.759124543E-04
  5.000000000E+00   1.739603824E-04
  5.010000000E+00   1.720234886E-04
  5.020000000E+00   1.701142434E-04
  5.030000000E+00   1.682321978E-04
  5.040000000E+00   1.663769030E-04
  5.050000000E+00   1.645346676E-04
  5.060000000E+00   1.626932730E-04
  5.070000000E+00   1.608773213E-04
  5.080000000E+00   1.590864026E-04
  5.090000000E+00   1.573201069E-04
  5.100000000E+00   1.555780242E-04
  5.110000000E+00   1.538407218E-04
  5.120000000E+00   1.521237690E-04
  5.130000000E+00   1.504298701E-04
  5.140000000E+00   1.487586506E-04
  5.150000000E+00   1.471097359E-04
  5.160000000E+00   1.454658191E-04
  5.170000000E+00   1.438153051E-04
  5.180000000E+00   1.421860366E-04
  5.190000000E+00   1.405776711E-04
  5.200000000E+00   1.389898664E-04
  5.210000000E+00   1.374222850E-04
  5.220000000E+00   1.358497397E-04
  5.230000000E+00   1.342937129E-04
  5.240000000E+00   1.327569653E-04
  5.250000000E+00   1.312391838E-04
  5.260000000E+00   1.297400598E-04
  5.270000000E+00   1.282394998E-04
  5.280000000E+00   1.267278825E-04
  5.290000000E+00   1.252340590E-04
  5.300000000E+00   1.237577429E-04
  5.310000000E+00   1.222986518E-04
  5.320000000E+00   1.208565196E-04
  5.330000000E+00   1.194228697E-04
  5.340000000E+00   1.180049328E-04
  5.350000000E+00   1.166031684E-04
  5.360000000E+00   1.152173178E-04
  5.370000000E+00   1.138471375E-04
  5.380000000E+00   1.125104702E-04
  5.390000000E+00   1.112125858E-04
  5.400000000E+00   1.099296515E-04
  5.410000000E+00   1.086614304E-04
  5.420000000E+00   1.074076993E-04
  5.430000000E+00   1.061682383E-04
  5.440000000E+00   1.049440470E-04
  5.450000000E+00   1.037337521E-04
  5.460000000E+00   1.025370703E-04
  5.470000000E+00   1.013537970E-04
  5.480000000E+00   1.001837306E-04
  5.490000000E+00   9.903887864E-05
  5.500000000E+00   9.792098184E-05
  5.510000000E+00   9.681568973E-05
  5.520000000E+00   9.572281457E-05
  5.530000000E+00   9.464217137E-05
  5.540000000E+00   9.357357518E-05
  5.550000000E+00   9.250307983E-05
  5.560000000E+00   9.144395148E-05
  5.570000000E+00   9.039633043E-05
  5.580000000E+00   8.936004692E-05
  5.590000000E+00   8.833493119E-05
  5.600000000E+00   8.732708575E-05
  5.610000000E+00   8.633653628E-05
  5.620000000E+00   8.535665914E-05
  5.630000000E+00   8.438729841E-05
  5.640000000E+00   8.342829819E-05
  5.650000000E+00   8.248057986E-05
  5.660000000E+00   8.169461818E-05
  5.670000000E+00   8.091856191E-05
  5.680000000E+00   8.015226778E-05
  5.690000000E+00   7.939559251E-05
  5.700000000E+00   7.864839282E-05
  5.710000000E+00   7.794036528E-05
  5.720000000E+00   7.726889590E-05
  5.730000000E+00   7.660649533E-05
  5.740000000E+00   7.595303184E-05
  5.750000000E+00   7.530837368E-05
  5.760000000E+00   7.467077132E-05
  5.770000000E+00   7.399874308E-05
  5.780000000E+00   7.333514596E-05
  5.790000000E+00   7.267985875E-05
  5.800000000E+00   7.203276021E-05
  5.810000000E+00   7.139373073E-05
  5.820000000E+00   7.075246182E-05
  5.830000000E+00   7.011072738E-05
  5.840000000E+00   6.947672553E-05
  5.850000000E+00   6.885034465E-05
  5.860000000E+00   6.823147458E-05
  5.870000000E+00   6.761840362E-05
  5.880000000E+00   6.698973221E-05
  5.890000000E+00   6.636826163E-05
  5.900000000E+00   6.575388901E-05
  5.910000000E+00   6.514651286E-05
  5.920000000E+00   6.454603702E-05
  5.930000000E+00   6.394416453E-05
  5.940000000E+00   6.334306833E-05
  5.950000000E+00   6.274858796E-05
  5.960000000E+00   6.216062982E-05
  5.970000000E+00   6.157910520E-05
  5.980000000E+00   6.100198544E-05
  5.990000000E+00   6.041259780E-05
  6.000000000E+00   5.982938121E-05
  6.010000000E+00   5.925224929E-05
  6.020000000E+00   5.868112015E-05
  6.030000000E+00   5.811591301E-05
  6.040000000E+00   5.754886494E-05
  6.050000000E+00   5.698265487E-05
  6.060000000E+00   5.642212548E-05
  6.070000000E+00   5.586720111E-05
  6.080000000E+00   5.531780712E-05
  6.090000000E+00   5.477102681E-05
  6.100000000E+00   5.420956886E-05
  6.110000000E+00   5.365341831E-05
  6.120000000E+00   5.310250523E-05
  6.130000000E+00   5.255676062E-05
  6.140000000E+00   5.201611544E-05
  6.150000000E+00   5.147738801E-05
  6.160000000E+00   5.094186235E-05
  6.170000000E+00   5.041123427E-05
  6.180000000E+00   4.988543991E-05
  6.190000000E+00   4.936441543E-05
  6.200000000E+00   4.885004232E-05
  6.210000000E+00   4.835105115E-05
  6.220000000E+00   4.785664303E-05
  6.230000000E+00   4.736675884E-05
  6.240000000E+00   4.688133946E-05
  6.250000000E+00   4.640032577E-05
  6.260000000E+00   4.592404485E-05
  6.270000000E+00   4.545224729E-05
  6.280000000E+00   4.498468674E-05
  6.290000000E+00   4.452130842E-05
  6.300000000E+00   4.406205755E-05
  6.310000000E+00   4.360899239E-05
  6.320000000E+00   4.316940316E-05
  6.330000000E+00   4.273378501E-05
  6.340000000E+00   4.230208715E-05
  6.350000000E+00   4.187425878E-05
  6.360000000E+00   4.145024972E-05
  6.370000000E+00   4.102710499E-05
  6.380000000E+00   4.060642243E-05
  6.390000000E+00   4.018941717E-05
  6.400000000E+00   3.977604210E-05
  6.410000000E+00   3.936625063E-05
  6.420000000E+00   3.896112866E-05
  6.430000000E+00   3.856370588E-05
  6.440000000E+00   3.816973485E-05
  6.450000000E+00   3.777917182E-05
  6.460000000E+00   3.739197354E-05
  6.470000000E+00   3.700809884E-05
  6.480000000E+00   3.667991475E-05
  6.490000000E+00   3.637469999E-05
  6.500000000E+00   3.607268682E-05
  6.510000000E+00   3.577383503E-05
  6.520000000E+00   3.547810634E-05
  6.530000000E+00   3.519267778E-05
  6.540000000E+00   3.493299952E-05
  6.550000000E+00   3.467633092E-05
  6.560000000E+00   3.442263461E-05
  6.570000000E+00   3.417187497E-05
  6.580000000E+00   3.392401681E-05
  6.590000000E+00   3.366419442E-05
  6.600000000E+00   3.340241105E-05
  6.610000000E+00   3.314342400E-05
  6.620000000E+00   3.288720012E-05
  6.630000000E+00   3.263370664E-05
  6.640000000E+00   3.238197901E-05
  6.650000000E+00   3.213040237E-05
  6.660000000E+00   3.188145821E-05
  6.670000000E+00   3.163511561E-05
  6.680000000E+00   3.139134405E-05
  6.690000000E+00   3.115011301E-05
  6.700000000E+00   3.089879917E-05
  6.710000000E+00   3.064651719E-05
  6.720000000E+00   3.039668617E-05
  6.730000000E+00   3.014927766E-05
  6.740000000E+00   2.990426317E-05
  6.750000000E+00   2.965936051E-05
  6.760000000E+00   2.941152856E-05
  6.770000000E+00   2.916600713E-05
  6.780000000E+00   2.892276963E-05
  6.790000000E+00   2.868178952E-05
  6.800000000E+00   2.844304020E-05
  6.810000000E+00   2.819794131E-05
  6.820000000E+00   2.795307127E-05
  6.830000000E+00   2.771035584E-05
  6.840000000E+00   2.746977020E-05
  6.850000000E+00   2.723128953E-05
  6.860000000E+00   2.699289084E-05
  6.870000000E+00   2.675247223E-05
  6.880000000E+00   2.651408740E-05
  6.890000000E+00   2.627771317E-05
  6.900000000E+00   2.604332635E-05
  6.910000000E+00   2.581090400E-05
  6.920000000E+00   2.557217009E-05
  6.930000000E+00   2.533382648E-05
  6.940000000E+00   2.509738204E-05
  6.950000000E+00   2.486281506E-05
  6.960000000E+00   2.463010409E-05
  6.970000000E+00   2.439857367E-05
  6.980000000E+00   2.416768500E-05
  6.990000000E+00   2.393859121E-05
  7.000000000E+00   2.371127202E-05
  7.010000000E+00   2.348570735E-05
  7.020000000E+00   2.326187797E-05
  7.030000000E+00   2.304630112E-05
  7.040000000E+00   2.283337379E-05
  7.050000000E+00   2.262212471E-05
  7.060000000E+00   2.241253510E-05
  7.070000000E+00   2.220458693E-05
  7.080000000E+00   2.199825473E-05
  7.090000000E+00   2.179351624E-05
  7.100000000E+00   2.159036574E-05
  7.110000000E+00   2.138878563E-05
  7.120000000E+00   2.118875899E-05
  7.130000000E+00   2.099026914E-05
  7.140000000E+00   2.079739311E-05
  7.150000000E+00   2.060646471E-05
  7.160000000E+00   2.041702314E-05
  7.170000000E+00   2.022905256E-05
  7.180000000E+00   2.004253729E-05
  7.190000000E+00   1.985669716E-05
  7.200000000E+00   1.967121097E-05
  7.210000000E+00   1.948713323E-05
  7.220000000E+00   1.930444905E-05
  7.230000000E+00   1.912314371E-05
  7.240000000E+00   1.894320251E-05
  7.250000000E+00   1.876644993E-05
  7.260000000E+00   1.859116772E-05
  7.270000000E+00   1.841720637E-05
  7.280000000E+00   1.824455204E-05
  7.290000000E+00   1.807319092E-05
  7.300000000E+00   1.791926277E-05
  7.310000000E+00   1.778666571E-05
  7.320000000E+00   1.765532118E-05
  7.330000000E+00   1.752521619E-05
  7.340000000E+00   1.739633774E-05
  7.350000000E+00   1.726867283E-05
  7.360000000E+00   1.715461266E-05
  7.370000000E+00   1.704224916E-05
  7.380000000E+00   1.693106174E-05
  7.390000000E+00   1.682103818E-05
  7.400000000E+00   1.671216623E-05
  7.410000000E+00   1.659932852E-05
  7.420000000E+00   1.648198194E-05
  7.430000000E+00   1.636575173E-05
  7.440000000E+00   1.625062639E-05
  7.450000000E+00   1.613659440E-05
  7.460000000E+00   1.602364438E-05
  7.470000000E+00   1.590966244E-05
  7.480000000E+00   1.579671921E-05
  7.490000000E+00   1.568482532E-05
  7.500000000E+00   1.557396992E-05
  7.510000000E+00   1.546414229E-05
  7.520000000E+00   1.535127424E-05
  7.530000000E+00   1.523542832E-05
  7.540000000E+00   1.512057944E-05
  7.550000000E+00   1.500671739E-05
  7.560000000E+00   1.489383204E-05
  7.570000000E+00   1.478183604E-05
  7.580000000E+00   1.466682182E-05
  7.590000000E+00   1.455275535E-05
  7.600000000E+00   1.443962699E-05
  7.610000000E+00   1.432742722E-05
  7.620000000E+00   1.421614686E-05
  7.630000000E+00   1.410296116E-05
  7.640000000E+00   1.398821748E-05
  7.650000000E+00   1.387436599E-05
  7.660000000E+00   1.376139770E-05
  7.670000000E+00   1.364930396E-05
  7.680000000E+00   1.353791740E-05
  7.690000000E+00   1.342426731E-05
  7.700000000E+00   1.331146607E-05
  7.710000000E+00   1.319950520E-05
  7.720000000E+00   1.308837655E-05
  7.730000000E+00   1.297807201E-05
  7.740000000E+00   1.286582029E-05
  7.750000000E+00   1.275223215E-05
  7.760000000E+00   1.263944395E-05
  7.770000000E+00   1.252744798E-05
  7.780000000E+00   1.241623662E-05
  7.790000000E+00   1.230572988E-05
  7.800000000E+00   1.219513359E-05
  7.810000000E+00   1.208529906E-05
  7.820000000E+00   1.197621901E-05
  7.830000000E+00   1.186788621E-05
  7.840000000E+00   1.176029346E-05
  7.850000000E+00   1.165543598E-05
  7.860000000E+00   1.155268244E-05
  7.870000000E+00   1.145064770E-05
  7.880000000E+00   1.134932492E-05
  7.890000000E+00   1.124870728E-05
  7.900000000E+00   1.114879093E-05
  7.910000000E+00   1.104959097E-05
  7.920000000E+00   1.095107606E-05
  7.930000000E+00   1.085323973E-05
  7.940000000E+00   1.075607554E-05
  7.950000000E+00   1.065957703E-05
  7.960000000E+00   1.056503302E-05
  7.970000000E+00   1.047193067E-05
  7.980000000E+00   1.037947534E-05
  7.990000000E+00   1.028766090E-05
  8.000000000E+00   1.019648126E-05
  8.010000000E+00   1.010580500E-05
  8.020000000E+00   1.001495671E-05
  8.030000000E+00   9.924725535E-06
  8.040000000E+00   9.835105690E-06
  8.050000000E+00   9.746091390E-06
  8.060000000E+00   9.657676901E-06
  8.070000000E+00   9.570536846E-06
  8.080000000E+00   9.484350475E-06
  8.090000000E+00   9.398747424E-06
  8.100000000E+00   9.313722212E-06
  8.110000000E+00   9.229269407E-06
  8.120000000E+00   9.148219436E-06
  8.130000000E+00   9.082032671E-06
  8.140000000E+00   9.016402680E-06
  8.150000000E+00   8.951324269E-06
  8.160000000E+00   8.886792288E-06
  8.170000000E+00   8.822801766E-06
  8.180000000E+00   8.763023367E-06
  8.190000000E+00   8.705505445E-06
  8.200000000E+00   8.648514202E-06
  8.210000000E+00   8.592044754E-06
  8.220000000E+00   8.536092386E-06
  8.230000000E+00   8.479651340E-06
  8.240000000E+00   8.419578350E-06
  8.250000000E+00   8.360008417E-06
  8.260000000E+00   8.300936908E-06
  8.270000000E+00   8.242359346E-06
  8.280000000E+00   8.184271294E-06
  8.290000000E+00   8.125997336E-06
  8.300000000E+00   8.067929109E-06
  8.310000000E+00   8.010337121E-06
  8.320000000E+00   7.953217121E-06
  8.330000000E+00   7.896564897E-06
  8.340000000E+00   7.839411543E-06
  8.350000000E+00   7.779375525E-06
  8.360000000E+00   7.719794679E-06
  8.370000000E+00   7.660664969E-06
  8.380000000E+00   7.601982392E-06
  8.390000000E+00   7.543742948E-06
  8.400000000E+00   7.484417653E-06
  8.410000000E+00   7.424987893E-06
  8.420000000E+00   7.365989457E-06
  8.430000000E+00   7.307418543E-06
  8.440000000E+00   7.249271349E-06
  8.450000000E+00   7.190969230E-06
  8.460000000E+00   7.131388339E-06
  8.470000000E+00   7.072219946E-06
  8.480000000E+00   7.013460436E-06
  8.490000000E+00   6.955106193E-06
  8.500000000E+00   6.897153604E-06
  8.510000000E+00   6.838869215E-06
  8.520000000E+00   6.780758813E-06
  8.530000000E+00   6.723039572E-06
  8.540000000E+00   6.665708056E-06
  8.550000000E+00   6.608760826E-06
  8.560000000E+00   6.551692482E-06
  8.570000000E+00   6.493726902E-06
  8.580000000E+00   6.436135631E-06
  8.590000000E+00   6.378915398E-06
  8.600000000E+00   6.322062933E-06
  8.610000000E+00   6.265574993E-06
  8.620000000E+00   6.209369052E-06
  8.630000000E+00   6.153501186E-06
  8.640000000E+00   6.097988483E-06
  8.650000000E+00   6.042827833E-06
  8.660000000E+00   5.988016149E-06
  8.670000000E+00   5.934025228E-06
  8.680000000E+00   5.881425319E-06
  8.690000000E+00   5.829165467E-06
  8.700000000E+00   5.777242711E-06
  8.710000000E+00   5.725654113E-06
  8.720000000E+00   5.674396829E-06
  8.730000000E+00   5.623869337E-06
  8.740000000E+00   5.573751808E-06
  8.750000000E+00   5.523957137E-06
  8.760000000E+00   5.474482526E-06
  8.770000000E+00   5.425325267E-06
  8.780000000E+00   5.376823662E-06
  8.790000000E+00   5.329292866E-06
  8.800000000E+00   5.282071369E-06
  8.810000000E+00   5.235156506E-06
  8.820000000E+00   5.188545698E-06
  8.830000000E+00   5.142236389E-06
  8.840000000E+00   5.096075165E-06
  8.850000000E+00   5.050184880E-06
  8.860000000E+00   5.004588441E-06
  8.870000000E+00   4.959283390E-06
  8.880000000E+00   4.914267291E-06
  8.890000000E+00   4.869876552E-06
  8.900000000E+00   4.826346067E-06
  8.910000000E+00   4.783097242E-06
  8.920000000E+00   4.740127735E-06
  8.930000000E+00   4.697435223E-06
  8.940000000E+00   4.655017384E-06
  8.950000000E+00   4.617297839E-06
  8.960000000E+00   4.580423773E-06
  8.970000000E+00   4.543817520E-06
  8.980000000E+00   4.507476865E-06
  8.990000000E+00   4.471399594E-06
  9.000000000E+00   4.436235157E-06
  9.010000000E+00   4.402308917E-06
  9.020000000E+00   4.368639520E-06
  9.030000000E+00   4.335224854E-06
  9.040000000E+00   4.302062806E-06
  9.050000000E+00   4.269151266E-06
  9.060000000E+00   4.235028571E-06
  9.070000000E+00   4.201015287E-06
  9.080000000E+00   4.167246368E-06
  9.090000000E+00   4.133719799E-06
  9.100000000E+00   4.100433566E-06
  9.110000000E+00   4.067262027E-06
  9.120000000E+00   4.034162210E-06
  9.130000000E+00   4.001296869E-06
  9.140000000E+00   3.968664080E-06
  9.150000000E+00   3.936261920E-06
  9.160000000E+00   3.904088481E-06
  9.170000000E+00   3.870985875E-06
  9.180000000E+00   3.838039039E-06
  9.190000000E+00   3.805315403E-06
  9.200000000E+00   3.772813131E-06
  9.210000000E+00   3.740530402E-06
  9.220000000E+00   3.708337791E-06
  9.230000000E+00   3.676210197E-06
  9.240000000E+00   3.644296872E-06
  9.250000000E+00   3.612596065E-06
  9.260000000E+00   3.581106034E-06
  9.270000000E+00   3.549825092E-06
  9.280000000E+00   3.517971520E-06
  9.290000000E+00   3.486301823E-06
  9.300000000E+00   3.454836193E-06
  9.310000000E+00   3.423572966E-06
  9.320000000E+00   3.392510530E-06
  9.330000000E+00   3.361268102E-06
  9.340000000E+00   3.329824424E-06
  9.350000000E+00   3.298576736E-06
  9.360000000E+00   3.267523450E-06
  9.370000000E+00   3.236663027E-06
  9.380000000E+00   3.205993896E-06
  9.390000000E+00   3.175495478E-06
  9.400000000E+00   3.145185334E-06
  9.410000000E+00   3.115061943E-06
  9.420000000E+00   3.085123833E-06
  9.430000000E+00   3.055369542E-06
  9.440000000E+00   3.026161390E-06
  9.450000000E+00   2.997474497E-06
  9.460000000E+00   2.968967046E-06
  9.470000000E+00   2.940637626E-06
  9.480000000E+00   2.912484839E-06
  9.490000000E+00   2.884538779E-06
  9.500000000E+00   2.857742483E-06
  9.510000000E+00   2.831118634E-06
  9.520000000E+00   2.804665882E-06
  9.530000000E+00   2.778382890E-06
  9.540000000E+00   2.752268319E-06
  9.550000000E+00   2.726599713E-06
  9.560000000E+00   2.701328854E-06
  9.570000000E+00   2.676222458E-06
  9.580000000E+00   2.651279245E-06
  9.590000000E+00   2.626497933E-06
  9.600000000E+00   2.602019591E-06
  9.610000000E+00   2.579910199E-06
  9.620000000E+00   2.557958921E-06
  9.630000000E+00   2.536164531E-06
  9.640000000E+00   2.514525801E-06
  9.650000000E+00   2.493041506E-06
  9.660000000E+00   2.471710429E-06
  9.670000000E+00   2.450531386E-06
  9.680000000E+00   2.429503204E-06
  9.690000000E+00   2.408624708E-06
  9.700000000E+00   2.387894723E-06
  9.710000000E+00   2.367312085E-06
  9.720000000E+00   2.346875659E-06
  9.730000000E+00   2.326584322E-06
  9.740000000E+00   2.306436948E-06
  9.750000000E+00   2.286432414E-06
  9.760000000E+00   2.266569601E-06
  9.770000000E+00   2.246847425E-06
  9.780000000E+00   2.227264809E-06
  9.790000000E+00   2.207820674E-06
  9.800000000E+00   2.188513943E-06
  9.810000000E+00   2.169343547E-06
  9.820000000E+00   2.150308445E-06
  9.830000000E+00   2.131407604E-06
  9.840000000E+00   2.112639993E-06
  9.850000000E+00   2.094004578E-06
  9.860000000E+00   2.075500334E-06
  9.870000000E+00   2.057126264E-06
  9.880000000E+00   2.038881379E-06
  9.890000000E+00   2.020764688E-06
  9.900000000E+00   2.002775203E-06
  9.910000000E+00   1.984911940E-06
  9.920000000E+00   1.967173944E-06
  9.930000000E+00   1.949560266E-06
  9.940000000E+00   1.932069957E-06
  9.950000000E+00   1.914702068E-06
  9.960000000E+00   1.897455657E-06
  9.970000000E+00   1.880329807E-06
  9.980000000E+00   1.863323610E-06
  9.990000000E+00   1.846436155E-06
  1.000000000E+01   1.829666532E-06
  1.001000000E+01   1.813013838E-06
  1.002000000E+01   1.796477194E-06
  1.003000000E+01   1.780055727E-06
  1.004000000E+01   1.763748566E-06
  1.005000000E+01   1.747554837E-06
  1.006000000E+01   1.731473675E-06
  1.007000000E+01   1.715504235E-06
  1.008000000E+01   1.699645682E-06
  1.009000000E+01   1.683897179E-06
  1.010000000E+01   1.668257888E-06
  1.011000000E+01   1.652726978E-06
  1.012000000E+01   1.637303642E-06
  1.013000000E+01   1.621987075E-06
  1.014000000E+01   1.606776476E-06
  1.015000000E+01   1.591671041E-06
  1.016000000E+01   1.576669973E-06
  1.017000000E+01   1.561772497E-06
  1.018000000E+01   1.546977842E-06
  1.019000000E+01   1.532285238E-06
  1.020000000E+01   1.517693914E-06
  1.021000000E+01   1.503203107E-06
  1.022000000E+01   1.488812070E-06
  1.023000000E+01   1.474520066E-06
  1.024000000E+01   1.460326355E-06
  1.025000000E+01   1.446230198E-06
  1.026000000E+01   1.432230861E-06
  1.027000000E+01   1.418327630E-06
  1.028000000E+01   1.404519796E-06
  1.029000000E+01   1.390806649E-06
  1.030000000E+01   1.377187480E-06
  1.031000000E+01   1.363661585E-06
  1.032000000E+01   1.350228278E-06
  1.033000000E+01   1.336886879E-06
  1.034000000E+01   1.323636707E-06
  1.035000000E+01   1.310477081E-06
  1.036000000E+01   1.297407326E-06
  1.037000000E+01   1.284426782E-06
  1.038000000E+01   1.271534798E-06
  1.039000000E+01   1.258730720E-06
  1.040000000E+01   1.246013894E-06
  1.041000000E+01   1.233383671E-06
  1.042000000E+01   1.220839421E-06
  1.043000000E+01   1.208380515E-06
  1.044000000E+01   1.196006327E-06
  1.045000000E+01   1.183716230E-06
  1.046000000E+01   1.171509601E-06
  1.047000000E+01   1.159385833E-06
  1.048000000E+01   1.147344325E-06
  1.049000000E+01   1.135384474E-06
  1.050000000E+01   1.123505679E-06
  1.051000000E+01   1.111707341E-06
  1.052000000E+01   1.099988879E-06
  1.053000000E+01   1.088349714E-06
  1.054000000E+01   1.076789268E-06
  1.055000000E+01   1.065306963E-06
  1.056000000E+01   1.053902226E-06
  1.057000000E+01   1.042574497E-06
  1.058000000E+01   1.031323221E-06
  1.059000000E+01   1.020147843E-06
  1.060000000E+01   1.009047808E-06
  1.061000000E+01   9.980225647E-07
  1.062000000E+01   9.870715761E-07
  1.063000000E+01   9.761943091E-07
  1.064000000E+01   9.653902307E-07
  1.065000000E+01   9.546588076E-07
  1.066000000E+01   9.439995104E-07
  1.067000000E+01   9.334118233E-07
  1.068000000E+01   9.228952343E-07
  1.069000000E+01   9.124492311E-07
  1.070000000E+01   9.020733017E-07
  1.071000000E+01   8.917669372E-07
  1.072000000E+01   8.815296422E-07
  1.073000000E+01   8.713609246E-07
  1.074000000E+01   8.612602923E-07
  1.075000000E+01   8.512272532E-07
  1.076000000E+01   8.412613185E-07
  1.077000000E+01   8.313620118E-07
  1.078000000E+01   8.215288604E-07
  1.079000000E+01   8.117613912E-07
  1.080000000E+01   8.020591312E-07
  1.081000000E+01   7.924216106E-07
  1.082000000E+01   7.828483716E-07
  1.083000000E+01   7.733389595E-07
  1.084000000E+01   7.638929195E-07
  1.085000000E+01   7.545097970E-07
  1.086000000E+01   7.451891402E-07
  1.087000000E+01   7.359305090E-07
  1.088000000E+01   7.267334659E-07
  1.089000000E+01   7.175975737E-07
  1.090000000E+01   7.085223953E-07
  1.091000000E+01   6.995074959E-07
  1.092000000E+01   6.905524523E-07
  1.093000000E+01   6.816568437E-07
  1.094000000E+01   6.728202496E-07
  1.095000000E+01   6.640422491E-07
  1.096000000E+01   6.553224244E-07
  1.097000000E+01   6.466603680E-07
  1.098000000E+01   6.380556750E-07
  1.099000000E+01   6.295079407E-07
  1.100000000E+01   6.210167602E-07
  1.101000000E+01   6.125817314E-07
  1.102000000E+01   6.042024619E-07
  1.103000000E+01   5.958785622E-07
  1.104000000E+01   5.876096425E-07
  1.105000000E+01   5.793953132E-07
  1.106000000E+01   5.712351871E-07
  1.107000000E+01   5.631288864E-07
  1.108000000E+01   5.550760361E-07
  1.109000000E+01   5.470762609E-07
  1.110000000E+01   5.391291855E-07
  1.111000000E+01   5.312344371E-07
  1.112000000E+01   5.233916519E-07
  1.113000000E+01   5.156004686E-07
  1.114000000E+01   5.078605258E-07
  1.115000000E+01   5.001714620E-07
  1.116000000E+01   4.925329181E-07
  1.117000000E+01   4.849445436E-07
  1.118000000E+01   4.774059905E-07
  1.119000000E+01   4.699169105E-07
  1.120000000E+01   4.624769554E-07
  1.121000000E+01   4.550857791E-07
  1.122000000E+01   4.477430441E-07
  1.123000000E+01   4.404484147E-07
  1.124000000E+01   4.332015555E-07
  1.125000000E+01   4.260021310E-07
  1.126000000E+01   4.188498076E-07
  1.127000000E+01   4.117442599E-07
  1.128000000E+01   4.046851646E-07
  1.129000000E+01   3.976721983E-07
  1.130000000E+01   3.907050375E-07
  1.131000000E+01   3.837833609E-07
  1.132000000E+01   3.769068548E-07
  1.133000000E+01   3.700752074E-07
  1.134000000E+01   3.632881070E-07
  1.135000000E+01   3.565452420E-07
  1.136000000E+01   3.498463024E-07
  1.137000000E+01   3.431909859E-07
  1.138000000E+01   3.365789920E-07
  1.139000000E+01   3.300100201E-07
  1.140000000E+01   3.234837698E-07
  1.141000000E+01   3.169999423E-07
  1.142000000E+01   3.105582461E-07
  1.143000000E+01   3.041583916E-07
  1.144000000E+01   2.978000889E-07
  1.145000000E+01   2.914830485E-07
  1.146000000E+01   2.852069822E-07
  1.147000000E+01   2.789716092E-07
  1.148000000E+01   2.727766500E-07
  1.149000000E+01   2.666218253E-07
  1.150000000E+01   2.605068559E-07
  1.151000000E+01   2.544314640E-07
  1.152000000E+01   2.483953788E-07
  1.153000000E+01   2.423983311E-07
  1.154000000E+01   2.364400517E-07
  1.155000000E+01   2.305202713E-07
  1.156000000E+01   2.246387223E-07
  1.157000000E+01   2.187951434E-07
  1.158000000E+01   2.129892748E-07
  1.159000000E+01   2.072208567E-07
  1.160000000E+01   2.014896295E-07
  1.161000000E+01   1.957953350E-07
  1.162000000E+01   1.901377220E-07
  1.163000000E+01   1.845165411E-07
  1.164000000E+01   1.789315427E-07
  1.165000000E+01   1.733824773E-07
  1.166000000E+01   1.678690964E-07
  1.167000000E+01   1.623911552E-07
  1.168000000E+01   1.569484100E-07
  1.169000000E+01   1.515406169E-07
  1.170000000E+01   1.461675321E-07
  1.171000000E+01   1.408289153E-07
  1.172000000E+01   1.355245405E-07
  1.173000000E+01   1.302541850E-07
  1.174000000E+01   1.250176263E-07
  1.175000000E+01   1.198146417E-07
  1.176000000E+01   1.146450023E-07
  1.177000000E+01   1.095084537E-07
  1.178000000E+01   1.044047352E-07
  1.179000000E+01   9.933358610E-08
  1.180000000E+01   9.429474556E-08
  1.181000000E+01   8.928798321E-08
  1.182000000E+01   8.431318995E-08
  1.183000000E+01   7.937028702E-08
  1.184000000E+01   7.445919565E-08
  1.185000000E+01   6.957983709E-08
  1.186000000E+01   6.473202575E-08
  1.187000000E+01   5.991514872E-08
  1.188000000E+01   5.512848626E-08
  1.189000000E+01   5.037131865E-08
  1.190000000E+01   4.564292615E-08
  1.191000000E+01   4.094299385E-08
  1.192000000E+01   3.627282613E-08
  1.193000000E+01   3.163413221E-08
  1.194000000E+01   2.702862128E-08
  1.195000000E+01   2.245800257E-08
  1.196000000E+01   1.792248036E-08
  1.197000000E+01   1.341623928E-08
  1.198000000E+01   8.931959045E-09
  1.199000000E+01   4.462319381E-09
  1.200000000E+01   0.000000000E+00
  1.201000000E+01   0.000000000E+00
  1.202000000E+01   0.000000000E+00
  1.203000000E+01   0.000000000E+00
  1.204000000E+01   0.000000000E+00
  1.205000000E+01   0.000000000E+00
  1.206000000E+01   0.000000000E+00
  1.207000000E+01   0.000000000E+00
  1.208000000E+01   0.000000000E+00
  1.209000000E+01   0.000000000E+00
  1.210000000E+01   0.000000000E+00
  1.211000000E+01   0.000000000E+00
  1.212000000E+01   0.000000000E+00
  1.213000000E+01   0.000000000E+00
  1.214000000E+01   0.000000000E+00
  1.215000000E+01   0.000000000E+00
  1.216000000E+01   0.000000000E+00
  1.217000000E+01   0.000000000E+00
  1.218000000E+01   0.000000000E+00
  1.219000000E+01   0.000000000E+00
  1.220000000E+01   0.000000000E+00
  1.221000000E+01   0.000000000E+00
  1.222000000E+01   0.000000000E+00
  1.223000000E+01   0.000000000E+00
  1.224000000E+01   0.000000000E+00
  1.225000000E+01   0.000000000E+00
  1.226000000E+01   0.000000000E+00
  1.227000000E+01   0.000000000E+00
  1.228000000E+01   0.000000000E+00
  1.229000000E+01   0.000000000E+00
  1.230000000E+01   0.000000000E+00
  1.231000000E+01   0.000000000E+00
  1.232000000E+01   0.000000000E+00
  1.233000000E+01   0.000000000E+00
  1.234000000E+01   0.000000000E+00
  1.235000000E+01   0.000000000E+00
  1.236000000E+01   0.000000000E+00
  1.237000000E+01   0.000000000E+00
  1.238000000E+01   0.000000000E+00
  1.239000000E+01   0.000000000E+00
  1.240000000E+01   0.000000000E+00
  1.241000000E+01   0.000000000E+00
  1.242000000E+01   0.000000000E+00
  1.243000000E+01   0.000000000E+00
  1.244000000E+01   0.000000000E+00
  1.245000000E+01   0.000000000E+00
  1.246000000E+01   0.000000000E+00
  1.247000000E+01   0.000000000E+00
  1.248000000E+01   0.000000000E+00
  1.249000000E+01   0.000000000E+00
  1.250000000E+01   0.000000000E+00
  1.251000000E+01   0.000000000E+00
  1.252000000E+01   0.000000000E+00
  1.253000000E+01   0.000000000E+00
  1.254000000E+01   0.000000000E+00
  1.255000000E+01   0.000000000E+00
  1.256000000E+01   0.000000000E+00
  1.257000000E+01   0.000000000E+00
  1.258000000E+01   0.000000000E+00
  1.259000000E+01   0.000000000E+00
  1.260000000E+01   0.000000000E+00
  1.261000000E+01   0.000000000E+00
  1.262000000E+01   0.000000000E+00
  1.263000000E+01   0.000000000E+00
  1.264000000E+01   0.000000000E+00
  1.265000000E+01   0.000000000E+00
  1.266000000E+01   0.000000000E+00
  1.267000000E+01   0.000000000E+00
  1.268000000E+01   0.000000000E+00
  1.269000000E+01   0.000000000E+00
  1.270000000E+01   0.000000000E+00
  1.271000000E+01   0.000000000E+00
  1.272000000E+01   0.000000000E+00
  1.273000000E+01   0.000000000E+00
  1.274000000E+01   0.000000000E+00
  1.275000000E+01   0.000000000E+00
  1.276000000E+01   0.000000000E+00
  1.277000000E+01   0.000000000E+00
  1.278000000E+01   0.000000000E+00
  1.279000000E+01   0.000000000E+00
  1.280000000E+01   0.000000000E+00
  1.281000000E+01   0.000000000E+00
  1.282000000E+01   0.000000000E+00
  1.283000000E+01   0.000000000E+00
  1.284000000E+01   0.000000000E+00
  1.285000000E+01   0.000000000E+00
  1.286000000E+01   0.000000000E+00
  1.287000000E+01   0.000000000E+00
  1.288000000E+01   0.000000000E+00
  1.289000000E+01   0.000000000E+00
  1.290000000E+01   0.000000000E+00
  1.291000000E+01   0.000000000E+00
  1.292000000E+01   0.000000000E+00
  1.293000000E+01   0.000000000E+00
  1.294000000E+01   0.000000000E+00
  1.295000000E+01   0.000000000E+00
  1.296000000E+01   0.000000000E+00
  1.297000000E+01   0.000000000E+00
  1.298000000E+01   0.000000000E+00
  1.299000000E+01   0.000000000E+00
  1.300000000E+01   0.000000000E+00
  1.301000000E+01   0.000000000E+00
  1.302000000E+01   0.000000000E+00
  1.303000000E+01   0.000000000E+00
  1.304000000E+01   0.000000000E+00
  1.305000000E+01   0.000000000E+00
  1.306000000E+01   0.000000000E+00
  1.307000000E+01   0.000000000E+00
  1.308000000E+01   0.000000000E+00
  1.309000000E+01   0.000000000E+00
  1.310000000E+01   0.000000000E+00
  1.311000000E+01   0.000000000E+00
  1.312000000E+01   0.000000000E+00
  1.313000000E+01   0.000000000E+00
  1.314000000E+01   0.000000000E+00
  1.315000000E+01   0.000000000E+00
  1.316000000E+01   0.000000000E+00
  1.317000000E+01   0.000000000E+00
  1.318000000E+01   0.000000000E+00
  1.319000000E+01   0.000000000E+00
  1.320000000E+01   0.000000000E+00
  1.321000000E+01   0.000000000E+00
  1.322000000E+01   0.000000000E+00
  1.323000000E+01   0.000000000E+00
  1.324000000E+01   0.000000000E+00
  1.325000000E+01   0.000000000E+00
  1.326000000E+01   0.000000000E+00
  1.327000000E+01   0.000000000E+00
  1.328000000E+01   0.000000000E+00
  1.329000000E+01   0.000000000E+00
  1.330000000E+01   0.000000000E+00
  1.331000000E+01   0.000000000E+00
  1.332000000E+01   0.000000000E+00
  1.333000000E+01   0.000000000E+00
  1.334000000E+01   0.000000000E+00
  1.335000000E+01   0.000000000E+00
  1.336000000E+01   0.000000000E+00
  1.337000000E+01   0.000000000E+00
  1.338000000E+01   0.000000000E+00
  1.339000000E+01   0.000000000E+00
  1.340000000E+01   0.000000000E+00
  1.341000000E+01   0.000000000E+00
  1.342000000E+01   0.000000000E+00
  1.343000000E+01   0.000000000E+00
  1.344000000E+01   0.000000000E+00
  1.345000000E+01   0.000000000E+00
  1.346000000E+01   0.000000000E+00
  1.347000000E+01   0.000000000E+00
  1.348000000E+01   0.000000000E+00
  1.349000000E+01   0.000000000E+00
  1.350000000E+01   0.000000000E+00
  1.351000000E+01   0.000000000E+00
  1.352000000E+01   0.000000000E+00
  1.353000000E+01   0.000000000E+00
  1.354000000E+01   0.000000000E+00
  1.355000000E+01   0.000000000E+00
  1.356000000E+01   0.000000000E+00
  1.357000000E+01   0.000000000E+00
  1.358000000E+01   0.000000000E+00
  1.359000000E+01   0.000000000E+00
  1.360000000E+01   0.000000000E+00
  1.361000000E+01   0.000000000E+00
  1.362000000E+01   0.000000000E+00
  1.363000000E+01   0.000000000E+00
  1.364000000E+01   0.000000000E+00
  1.365000000E+01   0.000000000E+00
  1.366000000E+01   0.000000000E+00
  1.367000000E+01   0.000000000E+00
  1.368000000E+01   0.000000000E+00
  1.369000000E+01   0.000000000E+00
  1.370000000E+01   0.000000000E+00
  1.371000000E+01   0.000000000E+00
  1.372000000E+01   0.000000000E+00
  1.373000000E+01   0.000000000E+00
  1.374000000E+01   0.000000000E+00
  1.375000000E+01   0.000000000E+00
  1.376000000E+01   0.000000000E+00
  1.377000000E+01   0.000000000E+00
  1.378000000E+01   0.000000000E+00
  1.379000000E+01   0.000000000E+00
  1.380000000E+01   0.000000000E+00
  1.381000000E+01   0.000000000E+00
  1.382000000E+01   0.000000000E+00
  1.383000000E+01   0.000000000E+00
  1.384000000E+01   0.000000000E+00
  1.385000000E+01   0.000000000E+00
  1.386000000E+01   0.000000000E+00
  1.387000000E+01   0.000000000E+00
  1.388000000E+01   0.000000000E+00
  1.389000000E+01   0.000000000E+00
  1.390000000E+01   0.000000000E+00
  1.391000000E+01   0.000000000E+00
  1.392000000E+01   0.000000000E+00
  1.393000000E+01   0.000000000E+00
  1.394000000E+01   0.000000000E+00
  1.395000000E+01   0.000000000E+00
  1.396000000E+01   0.000000000E+00
  1.397000000E+01   0.000000000E+00
  1.398000000E+01   0.000000000E+00
  1.399000000E+01   0.000000000E+00
  1.400000000E+01   0.000000000E+00
  1.401000000E+01   0.000000000E+00
  1.402000000E+01   0.000000000E+00
  1.403000000E+01   0.000000000E+00
  1.404000000E+01   0.000000000E+00
  1.405000000E+01   0.000000000E+00
  1.406000000E+01   0.000000000E+00
  1.407000000E+01   0.000000000E+00
  1.408000000E+01   0.000000000E+00
  1.409000000E+01   0.000000000E+00
  1.410000000E+01   0.000000000E+00
  1.411000000E+01   0.000000000E+00
  1.412000000E+01   0.000000000E+00
  1.413000000E+01   0.000000000E+00
  1.414000000E+01   0.000000000E+00
  1.415000000E+01   0.000000000E+00
  1.416000000E+01   0.000000000E+00
  1.417000000E+01   0.000000000E+00
  1.418000000E+01   0.000000000E+00
  1.419000000E+01   0.000000000E+00
  1.420000000E+01   0.000000000E+00
  1.421000000E+01   0.000000000E+00
  1.422000000E+01   0.000000000E+00
  1.423000000E+01   0.000000000E+00
  1.424000000E+01   0.000000000E+00
  1.425000000E+01   0.000000000E+00
  1.426000000E+01   0.000000000E+00
  1.427000000E+01   0.000000000E+00
  1.428000000E+01   0.000000000E+00
  1.429000000E+01   0.000000000E+00
  1.430000000E+01   0.000000000E+00
  1.431000000E+01   0.000000000E+00
  1.432000000E+01   0.000000000E+00
  1.433000000E+01   0.000000000E+00
  1.434000000E+01   0.000000000E+00
  1.435000000E+01   0.000000000E+00
  1.436000000E+01   0.000000000E+00
  1.437000000E+01   0.000000000E+00
  1.438000000E+01   0.000000000E+00
  1.439000000E+01   0.000000000E+00
  1.440000000E+01   0.000000000E+00
  1.441000000E+01   0.000000000E+00
  1.442000000E+01   0.000000000E+00
  1.443000000E+01   0.000000000E+00
  1.444000000E+01   0.000000000E+00
  1.445000000E+01   0.000000000E+00
  1.446000000E+01   0.000000000E+00
  1.447000000E+01   0.000000000E+00
  1.448000000E+01   0.000000000E+00
  1.449000000E+01   0.000000000E+00
  1.450000000E+01   0.000000000E+00
  1.451000000E+01   0.000000000E+00
  1.452000000E+01   0.000000000E+00
  1.453000000E+01   0.000000000E+00
  1.454000000E+01   0.000000000E+00
  1.455000000E+01   0.000000000E+00
  1.456000000E+01   0.000000000E+00
  1.457000000E+01   0.000000000E+00
  1.458000000E+01   0.000000000E+00
  1.459000000E+01   0.000000000E+00
  1.460000000E+01   0.000000000E+00
  1.461000000E+01   0.000000000E+00
  1.462000000E+01   0.000000000E+00
  1.463000000E+01   0.000000000E+00
  1.464000000E+01   0.000000000E+00
  1.465000000E+01   0.000000000E+00
  1.466000000E+01   0.000000000E+00
  1.467000000E+01   0.000000000E+00
  1.468000000E+01   0.000000000E+00
  1.469000000E+01   0.000000000E+00
  1.470000000E+01   0.000000000E+00
  1.471000000E+01   0.000000000E+00
  1.472000000E+01   0.000000000E+00
  1.473000000E+01   0.000000000E+00
  1.474000000E+01   0.000000000E+00
  1.475000000E+01   0.000000000E+00
  1.476000000E+01   0.000000000E+00
  1.477000000E+01   0.000000000E+00
  1.478000000E+01   0.000000000E+00
  1.479000000E+01   0.000000000E+00
  1.480000000E+01   0.000000000E+00
  1.481000000E+01   0.000000000E+00
  1.482000000E+01   0.000000000E+00
  1.483000000E+01   0.000000000E+00
  1.484000000E+01   0.000000000E+00
  1.485000000E+01   0.000000000E+00
  1.486000000E+01   0.000000000E+00
  1.487000000E+01   0.000000000E+00
  1.488000000E+01   0.000000000E+00
  1.489000000E+01   0.000000000E+00
  1.490000000E+01   0.000000000E+00
  1.491000000E+01   0.000000000E+00
  1.492000000E+01   0.000000000E+00
  1.493000000E+01   0.000000000E+00
  1.494000000E+01   0.000000000E+00
  1.495000000E+01   0.000000000E+00
  1.496000000E+01   0.000000000E+00
  1.497000000E+01   0.000000000E+00
  1.498000000E+01   0.000000000E+00
  1.499000000E+01   0.000000000E+00
  1.500000000E+01   0.000000000E+00
  1.501000000E+01   0.000000000E+00
  1.502000000E+01   0.000000000E+00
  1.503000000E+01   0.000000000E+00
  1.504000000E+01   0.000000000E+00
  1.505000000E+01   0.000000000E+00
  1.506000000E+01   0.000000000E+00
  1.507000000E+01   0.000000000E+00
  1.508000000E+01   0.000000000E+00
  1.509000000E+01   0.000000000E+00
  1.510000000E+01   0.000000000E+00
  1.511000000E+01   0.000000000E+00
  1.512000000E+01   0.000000000E+00
  1.513000000E+01   0.000000000E+00
  1.514000000E+01   0.000000000E+00
  1.515000000E+01   0.000000000E+00
  1.516000000E+01   0.000000000E+00
  1.517000000E+01   0.000000000E+00
  1.518000000E+01   0.000000000E+00
  1.519000000E+01   0.000000000E+00
  1.520000000E+01   0.000000000E+00
  1.521000000E+01   0.000000000E+00
  1.522000000E+01   0.000000000E+00
  1.523000000E+01   0.000000000E+00
  1.524000000E+01   0.000000000E+00
  1.525000000E+01   0.000000000E+00
  1.526000000E+01   0.000000000E+00
  1.527000000E+01   0.000000000E+00
  1.528000000E+01   0.000000000E+00
  1.529000000E+01   0.000000000E+00
  1.530000000E+01   0.000000000E+00
  1.531000000E+01   0.000000000E+00
  1.532000000E+01   0.000000000E+00
  1.533000000E+01   0.000000000E+00
  1.534000000E+01   0.000000000E+00
  1.535000000E+01   0.000000000E+00
  1.536000000E+01   0.000000000E+00
  1.537000000E+01   0.000000000E+00
  1.538000000E+01   0.000000000E+00
  1.539000000E+01   0.000000000E+00
  1.540000000E+01   0.000000000E+00
  1.541000000E+01   0.000000000E+00
  1.542000000E+01   0.000000000E+00
  1.543000000E+01   0.000000000E+00
  1.544000000E+01   0.000000000E+00
  1.545000000E+01   0.000000000E+00
  1.546000000E+01   0.000000000E+00
  1.547000000E+01   0.000000000E+00
  1.548000000E+01   0.000000000E+00
  1.549000000E+01   0.000000000E+00
  1.550000000E+01   0.000000000E+00
  1.551000000E+01   0.000000000E+00
  1.552000000E+01   0.000000000E+00
  1.553000000E+01   0.000000000E+00
  1.554000000E+01   0.000000000E+00
  1.555000000E+01   0.000000000E+00
  1.556000000E+01   0.000000000E+00
  1.557000000E+01   0.000000000E+00
  1.558000000E+01   0.000000000E+00
  1.559000000E+01   0.000000000E+00
  1.560000000E+01   0.000000000E+00
  1.561000000E+01   0.000000000E+00
  1.562000000E+01   0.000000000E+00
  1.563000000E+01   0.000000000E+00
  1.564000000E+01   0.000000000E+00
  1.565000000E+01   0.000000000E+00
  1.566000000E+01   0.000000000E+00
  1.567000000E+01   0.000000000E+00
  1.568000000E+01   0.000000000E+00
  1.569000000E+01   0.000000000E+00
  1.570000000E+01   0.000000000E+00
  1.571000000E+01   0.000000000E+00
  1.572000000E+01   0.000000000E+00
  1.573000000E+01   0.000000000E+00
  1.574000000E+01   0.000000000E+00
  1.575000000E+01   0.000000000E+00
  1.576000000E+01   0.000000000E+00
  1.577000000E+01   0.000000000E+00
  1.578000000E+01   0.000000000E+00
  1.579000000E+01   0.000000000E+00
  1.580000000E+01   0.000000000E+00
  1.581000000E+01   0.000000000E+00
  1.582000000E+01   0.000000000E+00
  1.583000000E+01   0.000000000E+00
  1.584000000E+01   0.000000000E+00
  1.585000000E+01   0.000000000E+00
  1.586000000E+01   0.000000000E+00
  1.587000000E+01   0.000000000E+00
  1.588000000E+01   0.000000000E+00
  1.589000000E+01   0.000000000E+00
  1.590000000E+01   0.000000000E+00
  1.591000000E+01   0.000000000E+00
  1.592000000E+01   0.000000000E+00
  1.593000000E+01   0.000000000E+00
  1.594000000E+01   0.000000000E+00
  1.595000000E+01   0.000000000E+00
  1.596000000E+01   0.000000000E+00
  1.597000000E+01   0.000000000E+00
  1.598000000E+01   0.000000000E+00
  1.599000000E+01   0.000000000E+00
  1.600000000E+01   0.000000000E+00
  1.601000000E+01   0.000000000E+00
  1.602000000E+01   0.000000000E+00
  1.603000000E+01   0.000000000E+00
  1.604000000E+01   0.000000000E+00
  1.605000000E+01   0.000000000E+00
  1.606000000E+01   0.000000000E+00
  1.607000000E+01   0.000000000E+00
  1.608000000E+01   0.000000000E+00
  1.609000000E+01   0.000000000E+00
  1.610000000E+01   0.000000000E+00
  1.611000000E+01   0.000000000E+00
  1.612000000E+01   0.000000000E+00
  1.613000000E+01   0.000000000E+00
  1.614000000E+01   0.000000000E+00
  1.615000000E+01   0.000000000E+00
  1.616000000E+01   0.000000000E+00
  1.617000000E+01   0.000000000E+00
  1.618000000E+01   0.000000000E+00
  1.619000000E+01   0.000000000E+00
  1.620000000E+01   0.000000000E+00
  1.621000000E+01   0.000000000E+00
  1.622000000E+01   0.000000000E+00
  1.623000000E+01   0.000000000E+00
  1.624000000E+01   0.000000000E+00
  1.625000000E+01   0.000000000E+00
  1.626000000E+01   0.000000000E+00
  1.627000000E+01   0.000000000E+00
  1.628000000E+01   0.000000000E+00
  1.629000000E+01   0.000000000E+00
  1.630000000E+01   0.000000000E+00
  1.631000000E+01   0.000000000E+00
  1.632000000E+01   0.000000000E+00
  1.633000000E+01   0.000000000E+00
  1.634000000E+01   0.000000000E+00
  1.635000000E+01   0.000000000E+00
  1.636000000E+01   0.000000000E+00
  1.637000000E+01   0.000000000E+00
  1.638000000E+01   0.000000000E+00
  1.639000000E+01   0.000000000E+00
  1.640000000E+01   0.000000000E+00
  1.641000000E+01   0.000000000E+00
  1.642000000E+01   0.000000000E+00
  1.643000000E+01   0.000000000E+00
  1.644000000E+01   0.000000000E+00
  1.645000000E+01   0.000000000E+00
  1.646000000E+01   0.000000000E+00
  1.647000000E+01   0.000000000E+00
  1.648000000E+01   0.000000000E+00
  1.649000000E+01   0.000000000E+00
  1.650000000E+01   0.000000000E+00
  1.651000000E+01   0.000000000E+00
  1.652000000E+01   0.000000000E+00
  1.653000000E+01   0.000000000E+00
  1.654000000E+01   0.000000000E+00
  1.655000000E+01   0.000000000E+00
  1.656000000E+01   0.000000000E+00
  1.657000000E+01   0.000000000E+00
  1.658000000E+01   0.000000000E+00
  1.659000000E+01   0.000000000E+00
  1.660000000E+01   0.000000000E+00
  1.661000000E+01   0.000000000E+00
  1.662000000E+01   0.000000000E+00
  1.663000000E+01   0.000000000E+00
  1.664000000E+01   0.000000000E+00
  1.665000000E+01   0.000000000E+00
  1.666000000E+01   0.000000000E+00
  1.667000000E+01   0.000000000E+00
  1.668000000E+01   0.000000000E+00
  1.669000000E+01   0.000000000E+00
  1.670000000E+01   0.000000000E+00
  1.671000000E+01   0.000000000E+00
  1.672000000E+01   0.000000000E+00
  1.673000000E+01   0.000000000E+00
  1.674000000E+01   0.000000000E+00
  1.675000000E+01   0.000000000E+00
  1.676000000E+01   0.000000000E+00
  1.677000000E+01   0.000000000E+00
  1.678000000E+01   0.000000000E+00
  1.679000000E+01   0.000000000E+00
  1.680000000E+01   0.000000000E+00
  1.681000000E+01   0.000000000E+00
  1.682000000E+01   0.000000000E+00
  1.683000000E+01   0.000000000E+00
  1.684000000E+01   0.000000000E+00
  1.685000000E+01   0.000000000E+00
  1.686000000E+01   0.000000000E+00
  1.687000000E+01   0.000000000E+00
  1.688000000E+01   0.000000000E+00
  1.689000000E+01   0.000000000E+00
  1.690000000E+01   0.000000000E+00
  1.691000000E+01   0.000000000E+00
  1.692000000E+01   0.000000000E+00
  1.693000000E+01   0.000000000E+00
  1.694000000E+01   0.000000000E+00
  1.695000000E+01   0.000000000E+00
  1.696000000E+01   0.000000000E+00
  1.697000000E+01   0.000000000E+00
  1.698000000E+01   0.000000000E+00
  1.699000000E+01   0.000000000E+00
  1.700000000E+01   0.000000000E+00
  1.701000000E+01   0.000000000E+00
  1.702000000E+01   0.000000000E+00
  1.703000000E+01   0.000000000E+00
  1.704000000E+01   0.000000000E+00
  1.705000000E+01   0.000000000E+00
  1.706000000E+01   0.000000000E+00
  1.707000000E+01   0.000000000E+00
  1.708000000E+01   0.000000000E+00
  1.709000000E+01   0.000000000E+00
  1.710000000E+01   0.000000000E+00
  1.711000000E+01   0.000000000E+00
  1.712000000E+01   0.000000000E+00
  1.713000000E+01   0.000000000E+00
  1.714000000E+01   0.000000000E+00
  1.715000000E+01   0.000000000E+00
  1.716000000E+01   0.000000000E+00
  1.717000000E+01   0.000000000E+00
  1.718000000E+01   0.000000000E+00
  1.719000000E+01   0.000000000E+00
  1.720000000E+01   0.000000000E+00
  1.721000000E+01   0.000000000E+00
  1.722000000E+01   0.000000000E+00
  1.723000000E+01   0.000000000E+00
  1.724000000E+01   0.000000000E+00
  1.725000000E+01   0.000000000E+00
  1.726000000E+01   0.000000000E+00
  1.727000000E+01   0.000000000E+00
  1.728000000E+01   0.000000000E+00
  1.729000000E+01   0.000000000E+00
  1.730000000E+01   0.000000000E+00
  1.731000000E+01   0.000000000E+00
  1.732000000E+01   0.000000000E+00
  1.733000000E+01   0.000000000E+00
  1.734000000E+01   0.000000000E+00
  1.735000000E+01   0.000000000E+00
  1.736000000E+01   0.000000000E+00
  1.737000000E+01   0.000000000E+00
  1.738000000E+01   0.000000000E+00
  1.739000000E+01   0.000000000E+00
  1.740000000E+01   0.000000000E+00
  1.741000000E+01   0.000000000E+00
  1.742000000E+01   0.000000000E+00
  1.743000000E+01   0.000000000E+00
  1.744000000E+01   0.000000000E+00
  1.745000000E+01   0.000000000E+00
  1.746000000E+01   0.000000000E+00
  1.747000000E+01   0.000000000E+00
  1.748000000E+01   0.000000000E+00
  1.749000000E+01   0.000000000E+00
  1.750000000E+01   0.000000000E+00
  1.751000000E+01   0.000000000E+00
  1.752000000E+01   0.000000000E+00
  1.753000000E+01   0.000000000E+00
  1.754000000E+01   0.000000000E+00
  1.755000000E+01   0.000000000E+00
  1.756000000E+01   0.000000000E+00
  1.757000000E+01   0.000000000E+00
  1.758000000E+01   0.000000000E+00
  1.759000000E+01   0.000000000E+00
  1.760000000E+01   0.000000000E+00
  1.761000000E+01   0.000000000E+00
  1.762000000E+01   0.000000000E+00
  1.763000000E+01   0.000000000E+00
  1.764000000E+01   0.000000000E+00
  1.765000000E+01   0.000000000E+00
  1.766000000E+01   0.000000000E+00
  1.767000000E+01   0.000000000E+00
  1.768000000E+01   0.000000000E+00
  1.769000000E+01   0.000000000E+00
  1.770000000E+01   0.000000000E+00
  1.771000000E+01   0.000000000E+00
  1.772000000E+01   0.000000000E+00
  1.773000000E+01   0.000000000E+00
  1.774000000E+01   0.000000000E+00
  1.775000000E+01   0.000000000E+00
  1.776000000E+01   0.000000000E+00
  1.777000000E+01   0.000000000E+00
  1.778000000E+01   0.000000000E+00
  1.779000000E+01   0.000000000E+00
  1.780000000E+01   0.000000000E+00
  1.781000000E+01   0.000000000E+00
  1.782000000E+01   0.000000000E+00
  1.783000000E+01   0.000000000E+00
  1.784000000E+01   0.000000000E+00
  1.785000000E+01   0.000000000E+00
  1.786000000E+01   0.000000000E+00
  1.787000000E+01   0.000000000E+00
  1.788000000E+01   0.000000000E+00
  1.789000000E+01   0.000000000E+00
  1.790000000E+01   0.000000000E+00
  1.791000000E+01   0.000000000E+00
  1.792000000E+01   0.000000000E+00
  1.793000000E+01   0.000000000E+00
  1.794000000E+01   0.000000000E+00
  1.795000000E+01   0.000000000E+00
  1.796000000E+01   0.000000000E+00
  1.797000000E+01   0.000000000E+00
  1.798000000E+01   0.000000000E+00
  1.799000000E+01   0.000000000E+00
  1.800000000E+01   0.000000000E+00
  1.801000000E+01   0.000000000E+00
  1.802000000E+01   0.000000000E+00
  1.803000000E+01   0.000000000E+00
  1.804000000E+01   0.000000000E+00
  1.805000000E+01   0.000000000E+00
  1.806000000E+01   0.000000000E+00
  1.807000000E+01   0.000000000E+00
  1.808000000E+01   0.000000000E+00
  1.809000000E+01   0.000000000E+00
  1.810000000E+01   0.000000000E+00
  1.811000000E+01   0.000000000E+00
  1.812000000E+01   0.000000000E+00
  1.813000000E+01   0.000000000E+00
  1.814000000E+01   0.000000000E+00
  1.815000000E+01   0.000000000E+00
  1.816000000E+01   0.000000000E+00
  1.817000000E+01   0.000000000E+00
  1.818000000E+01   0.000000000E+00
  1.819000000E+01   0.000000000E+00
  1.820000000E+01   0.000000000E+00
  1.821000000E+01   0.000000000E+00
  1.822000000E+01   0.000000000E+00
  1.823000000E+01   0.000000000E+00
  1.824000000E+01   0.000000000E+00
  1.825000000E+01   0.000000000E+00
  1.826000000E+01   0.000000000E+00
  1.827000000E+01   0.000000000E+00
  1.828000000E+01   0.000000000E+00
  1.829000000E+01   0.000000000E+00
  1.830000000E+01   0.000000000E+00
  1.831000000E+01   0.000000000E+00
  1.832000000E+01   0.000000000E+00
  1.833000000E+01   0.000000000E+00
  1.834000000E+01   0.000000000E+00
  1.835000000E+01   0.000000000E+00
  1.836000000E+01   0.000000000E+00
  1.837000000E+01   0.000000000E+00
  1.838000000E+01   0.000000000E+00
  1.839000000E+01   0.000000000E+00
  1.840000000E+01   0.000000000E+00
  1.841000000E+01   0.000000000E+00
  1.842000000E+01   0.000000000E+00
  1.843000000E+01   0.000000000E+00
  1.844000000E+01   0.000000000E+00
  1.845000000E+01   0.000000000E+00
  1.846000000E+01   0.000000000E+00
  1.847000000E+01   0.000000000E+00
  1.848000000E+01   0.000000000E+00
  1.849000000E+01   0.000000000E+00
  1.850000000E+01   0.000000000E+00
  1.851000000E+01   0.000000000E+00
  1.852000000E+01   0.000000000E+00
  1.853000000E+01   0.000000000E+00
  1.854000000E+01   0.000000000E+00
  1.855000000E+01   0.000000000E+00
  1.856000000E+01   0.000000000E+00
  1.857000000E+01   0.000000000E+00
  1.858000000E+01   0.000000000E+00
  1.859000000E+01   0.000000000E+00
  1.860000000E+01   0.000000000E+00
  1.861000000E+01   0.000000000E+00
  1.862000000E+01   0.000000000E+00
  1.863000000E+01   0.000000000E+00
  1.864000000E+01   0.000000000E+00
  1.865000000E+01   0.000000000E+00
  1.866000000E+01   0.000000000E+00
  1.867000000E+01   0.000000000E+00
  1.868000000E+01   0.000000000E+00
  1.869000000E+01   0.000000000E+00
  1.870000000E+01   0.000000000E+00
  1.871000000E+01   0.000000000E+00
  1.872000000E+01   0.000000000E+00
  1.873000000E+01   0.000000000E+00
  1.874000000E+01   0.000000000E+00
  1.875000000E+01   0.000000000E+00
  1.876000000E+01   0.000000000E+00
  1.877000000E+01   0.000000000E+00
  1.878000000E+01   0.000000000E+00
  1.879000000E+01   0.000000000E+00
  1.880000000E+01   0.000000000E+00
  1.881000000E+01   0.000000000E+00
  1.882000000E+01   0.000000000E+00
  1.883000000E+01   0.000000000E+00
  1.884000000E+01   0.000000000E+00
  1.885000000E+01   0.000000000E+00
  1.886000000E+01   0.000000000E+00
  1.887000000E+01   0.000000000E+00
  1.888000000E+01   0.000000000E+00
  1.889000000E+01   0.000000000E+00
  1.890000000E+01   0.000000000E+00
  1.891000000E+01   0.000000000E+00
  1.892000000E+01   0.000000000E+00
  1.893000000E+01   0.000000000E+00
  1.894000000E+01   0.000000000E+00
  1.895000000E+01   0.000000000E+00
  1.896000000E+01   0.000000000E+00
  1.897000000E+01   0.000000000E+00
  1.898000000E+01   0.000000000E+00
  1.899000000E+01   0.000000000E+00
  1.900000000E+01   0.000000000E+00
  1.901000000E+01   0.000000000E+00
  1.902000000E+01   0.000000000E+00
  1.903000000E+01   0.000000000E+00
  1.904000000E+01   0.000000000E+00
  1.905000000E+01   0.000000000E+00
  1.906000000E+01   0.000000000E+00
  1.907000000E+01   0.000000000E+00
  1.908000000E+01   0.000000000E+00
  1.909000000E+01   0.000000000E+00
  1.910000000E+01   0.000000000E+00
  1.911000000E+01   0.000000000E+00
  1.912000000E+01   0.000000000E+00
  1.913000000E+01   0.000000000E+00
  1.914000000E+01   0.000000000E+00
  1.915000000E+01   0.000000000E+00
  1.916000000E+01   0.000000000E+00
  1.917000000E+01   0.000000000E+00
  1.918000000E+01   0.000000000E+00
  1.919000000E+01   0.000000000E+00
  1.920000000E+01   0.000000000E+00
  1.921000000E+01   0.000000000E+00
  1.922000000E+01   0.000000000E+00
  1.923000000E+01   0.000000000E+00
  1.924000000E+01   0.000000000E+00
  1.925000000E+01   0.000000000E+00
  1.926000000E+01   0.000000000E+00
  1.927000000E+01   0.000000000E+00
  1.928000000E+01   0.000000000E+00
  1.929000000E+01   0.000000000E+00
  1.930000000E+01   0.000000000E+00
  1.931000000E+01   0.000000000E+00
  1.932000000E+01   0.000000000E+00
  1.933000000E+01   0.000000000E+00
  1.934000000E+01   0.000000000E+00
  1.935000000E+01   0.000000000E+00
  1.936000000E+01   0.000000000E+00
  1.937000000E+01   0.000000000E+00
  1.938000000E+01   0.000000000E+00
  1.939000000E+01   0.000000000E+00
  1.940000000E+01   0.000000000E+00
  1.941000000E+01   0.000000000E+00
  1.942000000E+01   0.000000000E+00
  1.943000000E+01   0.000000000E+00
  1.944000000E+01   0.000000000E+00
  1.945000000E+01   0.000000000E+00
  1.946000000E+01   0.000000000E+00
  1.947000000E+01   0.000000000E+00
  1.948000000E+01   0.000000000E+00
  1.949000000E+01   0.000000000E+00
  1.950000000E+01   0.000000000E+00
  1.951000000E+01   0.000000000E+00
  1.952000000E+01   0.000000000E+00
  1.953000000E+01   0.000000000E+00
  1.954000000E+01   0.000000000E+00
  1.955000000E+01   0.000000000E+00
  1.956000000E+01   0.000000000E+00
  1.957000000E+01   0.000000000E+00
  1.958000000E+01   0.000000000E+00
  1.959000000E+01   0.000000000E+00
  1.960000000E+01   0.000000000E+00
  1.961000000E+01   0.000000000E+00
  1.962000000E+01   0.000000000E+00
  1.963000000E+01   0.000000000E+00
  1.964000000E+01   0.000000000E+00
  1.965000000E+01   0.000000000E+00
  1.966000000E+01   0.000000000E+00
  1.967000000E+01   0.000000000E+00
  1.968000000E+01   0.000000000E+00
  1.969000000E+01   0.000000000E+00
  1.970000000E+01   0.000000000E+00
  1.971000000E+01   0.000000000E+00
  1.972000000E+01   0.000000000E+00
  1.973000000E+01   0.000000000E+00
  1.974000000E+01   0.000000000E+00
  1.975000000E+01   0.000000000E+00
  1.976000000E+01   0.000000000E+00
  1.977000000E+01   0.000000000E+00
  1.978000000E+01   0.000000000E+00
  1.979000000E+01   0.000000000E+00
  1.980000000E+01   0.000000000E+00
  1.981000000E+01   0.000000000E+00
  1.982000000E+01   0.000000000E+00
  1.983000000E+01   0.000000000E+00
  1.984000000E+01   0.000000000E+00
  1.985000000E+01   0.000000000E+00
  1.986000000E+01   0.000000000E+00
  1.987000000E+01   0.000000000E+00
  1.988000000E+01   0.000000000E+00
  1.989000000E+01   0.000000000E+00
  1.990000000E+01   0.000000000E+00
  1.991000000E+01   0.000000000E+00
  1.992000000E+01   0.000000000E+00
  1.993000000E+01   0.000000000E+00
  1.994000000E+01   0.000000000E+00
  1.995000000E+01   0.000000000E+00
  1.996000000E+01   0.000000000E+00
  1.997000000E+01   0.000000000E+00
  1.998000000E+01   0.000000000E+00
  1.999000000E+01   0.000000000E+00
  2.000000000E+01   0.000000000E+00
  2.001000000E+01   0.000000000E+00
  2.002000000E+01   0.000000000E+00
  2.003000000E+01   0.000000000E+00
  2.004000000E+01   0.000000000E+00
  2.005000000E+01   0.000000000E+00
  2.006000000E+01   0.000000000E+00
  2.007000000E+01   0.000000000E+00
  2.008000000E+01   0.000000000E+00
  2.009000000E+01   0.000000000E+00
  2.010000000E+01   0.000000000E+00
  2.011000000E+01   0.000000000E+00
  2.012000000E+01   0.000000000E+00
  2.013000000E+01   0.000000000E+00
  2.014000000E+01   0.000000000E+00
  2.015000000E+01   0.000000000E+00
  2.016000000E+01   0.000000000E+00
  2.017000000E+01   0.000000000E+00
  2.018000000E+01   0.000000000E+00
  2.019000000E+01   0.000000000E+00
  2.020000000E+01   0.000000000E+00
  2.021000000E+01   0.000000000E+00
  2.022000000E+01   0.000000000E+00
  2.023000000E+01   0.000000000E+00
  2.024000000E+01   0.000000000E+00
  2.025000000E+01   0.000000000E+00
  2.026000000E+01   0.000000000E+00
  2.027000000E+01   0.000000000E+00
  2.028000000E+01   0.000000000E+00
  2.029000000E+01   0.000000000E+00
  2.030000000E+01   0.000000000E+00
  2.031000000E+01   0.000000000E+00
  2.032000000E+01   0.000000000E+00
  2.033000000E+01   0.000000000E+00
  2.034000000E+01   0.000000000E+00
  2.035000000E+01   0.000000000E+00
  2.036000000E+01   0.000000000E+00
  2.037000000E+01   0.000000000E+00
  2.038000000E+01   0.000000000E+00
  2.039000000E+01   0.000000000E+00
  2.040000000E+01   0.000000000E+00
  2.041000000E+01   0.000000000E+00
  2.042000000E+01   0.000000000E+00
  2.043000000E+01   0.000000000E+00
  2.044000000E+01   0.000000000E+00
  2.045000000E+01   0.000000000E+00
  2.046000000E+01   0.000000000E+00
  2.047000000E+01   0.000000000E+00
  2.048000000E+01   0.000000000E+00
  2.049000000E+01   0.000000000E+00
  2.050000000E+01   0.000000000E+00
  2.051000000E+01   0.000000000E+00
  2.052000000E+01   0.000000000E+00
  2.053000000E+01   0.000000000E+00
  2.054000000E+01   0.000000000E+00
  2.055000000E+01   0.000000000E+00
  2.056000000E+01   0.000000000E+00
  2.057000000E+01   0.000000000E+00
  2.058000000E+01   0.000000000E+00
  2.059000000E+01   0.000000000E+00
  2.060000000E+01   0.000000000E+00
  2.061000000E+01   0.000000000E+00
  2.062000000E+01   0.000000000E+00
  2.063000000E+01   0.000000000E+00
  2.064000000E+01   0.000000000E+00
  2.065000000E+01   0.000000000E+00
  2.066000000E+01   0.000000000E+00
  2.067000000E+01   0.000000000E+00
  2.068000000E+01   0.000000000E+00
  2.069000000E+01   0.000000000E+00
  2.070000000E+01   0.000000000E+00
  2.071000000E+01   0.000000000E+00
  2.072000000E+01   0.000000000E+00
  2.073000000E+01   0.000000000E+00
  2.074000000E+01   0.000000000E+00
  2.075000000E+01   0.000000000E+00
  2.076000000E+01   0.000000000E+00
  2.077000000E+01   0.000000000E+00
  2.078000000E+01   0.000000000E+00
  2.079000000E+01   0.000000000E+00
  2.080000000E+01   0.000000000E+00
  2.081000000E+01   0.000000000E+00
  2.082000000E+01   0.000000000E+00
  2.083000000E+01   0.000000000E+00
  2.084000000E+01   0.000000000E+00
  2.085000000E+01   0.000000000E+00
  2.086000000E+01   0.000000000E+00
  2.087000000E+01   0.000000000E+00
  2.088000000E+01   0.000000000E+00
  2.089000000E+01   0.000000000E+00
  2.090000000E+01   0.000000000E+00
  2.091000000E+01   0.000000000E+00
  2.092000000E+01   0.000000000E+00
  2.093000000E+01   0.000000000E+00
  2.094000000E+01   0.000000000E+00
  2.095000000E+01   0.000000000E+00
  2.096000000E+01   0.000000000E+00
  2.097000000E+01   0.000000000E+00
  2.098000000E+01   0.000000000E+00
  2.099000000E+01   0.000000000E+00
  2.100000000E+01   0.000000000E+00
  2.101000000E+01   0.000000000E+00
  2.102000000E+01   0.000000000E+00
  2.103000000E+01   0.000000000E+00
  2.104000000E+01   0.000000000E+00
  2.105000000E+01   0.000000000E+00
  2.106000000E+01   0.000000000E+00
  2.107000000E+01   0.000000000E+00
  2.108000000E+01   0.000000000E+00
  2.109000000E+01   0.000000000E+00
  2.110000000E+01   0.000000000E+00
  2.111000000E+01   0.000000000E+00
  2.112000000E+01   0.000000000E+00
  2.113000000E+01   0.000000000E+00
  2.114000000E+01   0.000000000E+00
  2.115000000E+01   0.000000000E+00
  2.116000000E+01   0.000000000E+00
  2.117000000E+01   0.000000000E+00
  2.118000000E+01   0.000000000E+00
  2.119000000E+01   0.000000000E+00
  2.120000000E+01   0.000000000E+00
  2.121000000E+01   0.000000000E+00
  2.122000000E+01   0.000000000E+00
  2.123000000E+01   0.000000000E+00
  2.124000000E+01   0.000000000E+00
  2.125000000E+01   0.000000000E+00
  2.126000000E+01   0.000000000E+00
  2.127000000E+01   0.000000000E+00
  2.128000000E+01   0.000000000E+00
  2.129000000E+01   0.000000000E+00
  2.130000000E+01   0.000000000E+00
  2.131000000E+01   0.000000000E+00
  2.132000000E+01   0.000000000E+00
  2.133000000E+01   0.000000000E+00
  2.134000000E+01   0.000000000E+00
  2.135000000E+01   0.000000000E+00
  2.136000000E+01   0.000000000E+00
  2.137000000E+01   0.000000000E+00
  2.138000000E+01   0.000000000E+00
  2.139000000E+01   0.000000000E+00
  2.140000000E+01   0.000000000E+00
  2.141000000E+01   0.000000000E+00
  2.142000000E+01   0.000000000E+00
  2.143000000E+01   0.000000000E+00
  2.144000000E+01   0.000000000E+00
  2.145000000E+01   0.000000000E+00
  2.146000000E+01   0.000000000E+00
  2.147000000E+01   0.000000000E+00
  2.148000000E+01   0.000000000E+00
  2.149000000E+01   0.000000000E+00
  2.150000000E+01   0.000000000E+00
  2.151000000E+01   0.000000000E+00
  2.152000000E+01   0.000000000E+00
  2.153000000E+01   0.000000000E+00
  2.154000000E+01   0.000000000E+00
  2.155000000E+01   0.000000000E+00
  2.156000000E+01   0.000000000E+00
  2.157000000E+01   0.000000000E+00
  2.158000000E+01   0.000000000E+00
  2.159000000E+01   0.000000000E+00
  2.160000000E+01   0.000000000E+00
  2.161000000E+01   0.000000000E+00
  2.162000000E+01   0.000000000E+00
  2.163000000E+01   0.000000000E+00
  2.164000000E+01   0.000000000E+00
  2.165000000E+01   0.000000000E+00
  2.166000000E+01   0.000000000E+00
  2.167000000E+01   0.000000000E+00
  2.168000000E+01   0.000000000E+00
  2.169000000E+01   0.000000000E+00
  2.170000000E+01   0.000000000E+00
  2.171000000E+01   0.000000000E+00
  2.172000000E+01   0.000000000E+00
  2.173000000E+01   0.000000000E+00
  2.174000000E+01   0.000000000E+00
  2.175000000E+01   0.000000000E+00
  2.176000000E+01   0.000000000E+00
  2.177000000E+01   0.000000000E+00
  2.178000000E+01   0.000000000E+00
  2.179000000E+01   0.000000000E+00
  2.180000000E+01   0.000000000E+00
  2.181000000E+01   0.000000000E+00
  2.182000000E+01   0.000000000E+00
  2.183000000E+01   0.000000000E+00
  2.184000000E+01   0.000000000E+00
  2.185000000E+01   0.000000000E+00
  2.186000000E+01   0.000000000E+00
  2.187000000E+01   0.000000000E+00
  2.188000000E+01   0.000000000E+00
  2.189000000E+01   0.000000000E+00
  2.190000000E+01   0.000000000E+00
  2.191000000E+01   0.000000000E+00
  2.192000000E+01   0.000000000E+00
  2.193000000E+01   0.000000000E+00
  2.194000000E+01   0.000000000E+00
  2.195000000E+01   0.000000000E+00
  2.196000000E+01   0.000000000E+00
  2.197000000E+01   0.000000000E+00
  2.198000000E+01   0.000000000E+00
  2.199000000E+01   0.000000000E+00
  2.200000000E+01   0.000000000E+00
  2.201000000E+01   0.000000000E+00
  2.202000000E+01   0.000000000E+00
  2.203000000E+01   0.000000000E+00
  2.204000000E+01   0.000000000E+00
  2.205000000E+01   0.000000000E+00
  2.206000000E+01   0.000000000E+00
  2.207000000E+01   0.000000000E+00
  2.208000000E+01   0.000000000E+00
  2.209000000E+01   0.000000000E+00
  2.210000000E+01   0.000000000E+00
  2.211000000E+01   0.000000000E+00
  2.212000000E+01   0.000000000E+00
  2.213000000E+01   0.000000000E+00
  2.214000000E+01   0.000000000E+00
  2.215000000E+01   0.000000000E+00
  2.216000000E+01   0.000000000E+00
  2.217000000E+01   0.000000000E+00
  2.218000000E+01   0.000000000E+00
  2.219000000E+01   0.000000000E+00
  2.220000000E+01   0.000000000E+00
  2.221000000E+01   0.000000000E+00
  2.222000000E+01   0.000000000E+00
  2.223000000E+01   0.000000000E+00
  2.224000000E+01   0.000000000E+00
  2.225000000E+01   0.000000000E+00
  2.226000000E+01   0.000000000E+00
  2.227000000E+01   0.000000000E+00
  2.228000000E+01   0.000000000E+00
  2.229000000E+01   0.000000000E+00
  2.230000000E+01   0.000000000E+00
  2.231000000E+01   0.000000000E+00
  2.232000000E+01   0.000000000E+00
  2.233000000E+01   0.000000000E+00
  2.234000000E+01   0.000000000E+00
  2.235000000E+01   0.000000000E+00
  2.236000000E+01   0.000000000E+00
  2.237000000E+01   0.000000000E+00
  2.238000000E+01   0.000000000E+00
  2.239000000E+01   0.000000000E+00
  2.240000000E+01   0.000000000E+00
  2.241000000E+01   0.000000000E+00
  2.242000000E+01   0.000000000E+00
  2.243000000E+01   0.000000000E+00
  2.244000000E+01   0.000000000E+00
  2.245000000E+01   0.000000000E+00
  2.246000000E+01   0.000000000E+00
  2.247000000E+01   0.000000000E+00
  2.248000000E+01   0.000000000E+00
  2.249000000E+01   0.000000000E+00
  2.250000000E+01   0.000000000E+00
  2.251000000E+01   0.000000000E+00
  2.252000000E+01   0.000000000E+00
  2.253000000E+01   0.000000000E+00
  2.254000000E+01   0.000000000E+00
  2.255000000E+01   0.000000000E+00
  2.256000000E+01   0.000000000E+00
  2.257000000E+01   0.000000000E+00
  2.258000000E+01   0.000000000E+00
  2.259000000E+01   0.000000000E+00
  2.260000000E+01   0.000000000E+00
  2.261000000E+01   0.000000000E+00
  2.262000000E+01   0.000000000E+00
  2.263000000E+01   0.000000000E+00
  2.264000000E+01   0.000000000E+00
  2.265000000E+01   0.000000000E+00
  2.266000000E+01   0.000000000E+00
  2.267000000E+01   0.000000000E+00
  2.268000000E+01   0.000000000E+00
  2.269000000E+01   0.000000000E+00
  2.270000000E+01   0.000000000E+00
  2.271000000E+01   0.000000000E+00
  2.272000000E+01   0.000000000E+00
  2.273000000E+01   0.000000000E+00
  2.274000000E+01   0.000000000E+00
  2.275000000E+01   0.000000000E+00
  2.276000000E+01   0.000000000E+00
  2.277000000E+01   0.000000000E+00
  2.278000000E+01   0.000000000E+00
  2.279000000E+01   0.000000000E+00
  2.280000000E+01   0.000000000E+00
  2.281000000E+01   0.000000000E+00
  2.282000000E+01   0.000000000E+00
  2.283000000E+01   0.000000000E+00
  2.284000000E+01   0.000000000E+00
  2.285000000E+01   0.000000000E+00
  2.286000000E+01   0.000000000E+00
  2.287000000E+01   0.000000000E+00
  2.288000000E+01   0.000000000E+00
  2.289000000E+01   0.000000000E+00
  2.290000000E+01   0.000000000E+00
  2.291000000E+01   0.000000000E+00
  2.292000000E+01   0.000000000E+00
  2.293000000E+01   0.000000000E+00
  2.294000000E+01   0.000000000E+00
  2.295000000E+01   0.000000000E+00
  2.296000000E+01   0.000000000E+00
  2.297000000E+01   0.000000000E+00
  2.298000000E+01   0.000000000E+00
  2.299000000E+01   0.000000000E+00
  2.300000000E+01   0.000000000E+00
  2.301000000E+01   0.000000000E+00
  2.302000000E+01   0.000000000E+00
  2.303000000E+01   0.000000000E+00
  2.304000000E+01   0.000000000E+00
  2.305000000E+01   0.000000000E+00
  2.306000000E+01   0.000000000E+00
  2.307000000E+01   0.000000000E+00
  2.308000000E+01   0.000000000E+00
  2.309000000E+01   0.000000000E+00
  2.310000000E+01   0.000000000E+00
  2.311000000E+01   0.000000000E+00
  2.312000000E+01   0.000000000E+00
  2.313000000E+01   0.000000000E+00
  2.314000000E+01   0.000000000E+00
  2.315000000E+01   0.000000000E+00
  2.316000000E+01   0.000000000E+00
  2.317000000E+01   0.000000000E+00
  2.318000000E+01   0.000000000E+00
  2.319000000E+01   0.000000000E+00
  2.320000000E+01   0.000000000E+00
  2.321000000E+01   0.000000000E+00
  2.322000000E+01   0.000000000E+00
  2.323000000E+01   0.000000000E+00
  2.324000000E+01   0.000000000E+00
  2.325000000E+01   0.000000000E+00
  2.326000000E+01   0.000000000E+00
  2.327000000E+01   0.000000000E+00
  2.328000000E+01   0.000000000E+00
  2.329000000E+01   0.000000000E+00
  2.330000000E+01   0.000000000E+00
  2.331000000E+01   0.000000000E+00
  2.332000000E+01   0.000000000E+00
  2.333000000E+01   0.000000000E+00
  2.334000000E+01   0.000000000E+00
  2.335000000E+01   0.000000000E+00
  2.336000000E+01   0.000000000E+00
  2.337000000E+01   0.000000000E+00
  2.338000000E+01   0.000000000E+00
  2.339000000E+01   0.000000000E+00
  2.340000000E+01   0.000000000E+00
  2.341000000E+01   0.000000000E+00
  2.342000000E+01   0.000000000E+00
  2.343000000E+01   0.000000000E+00
  2.344000000E+01   0.000000000E+00
  2.345000000E+01   0.000000000E+00
  2.346000000E+01   0.000000000E+00
  2.347000000E+01   0.000000000E+00
  2.348000000E+01   0.000000000E+00
  2.349000000E+01   0.000000000E+00
  2.350000000E+01   0.000000000E+00
  2.351000000E+01   0.000000000E+00
  2.352000000E+01   0.000000000E+00
